
------------------------------------------------------------------------------------------------------------------------------------
All maxima | (local maximum, local maximiser)
Max no. 0 | (np.float64(2.1809601313414806e-05), array([1.246     , 0.86209528, 0.02864584, 0.25154581, 0.93331533,
       5.05265487, 3.37371332, 0.04227518, 4.77764334]))
Max no. 1 | (np.float64(1.7899374784544015e-05), array([1.246     , 0.80302913, 0.03219714, 0.33408063, 0.88865031,
       6.19749299, 3.25186142, 0.01      , 3.84665287]))
Max no. 2 | (np.float64(1.635977097828924e-05), array([1.246     , 0.74702323, 0.50690523, 0.11664199, 0.973     ,
       2.25      , 8.88515909, 0.010007  , 5.40112294]))
Max no. 3 | (np.float64(1.58781697190753e-05), array([1.246     , 1.97441292, 0.02022176, 0.21003255, 0.91892829,
       4.07132399, 4.26778951, 0.04362479, 7.27212595]))
Max no. 4 | (np.float64(1.5741566377083295e-05), array([1.24787875, 1.85296978, 0.09250175, 0.22334811, 0.9660308 ,
       2.25391978, 4.57646084, 0.01000043, 2.25000005]))
Max no. 5 | (np.float64(1.4881663114914089e-05), array([1.24600007, 1.0590669 , 0.01946   , 0.22457685, 0.94130825,
       7.13337638, 3.34559451, 0.01001438, 6.37597842]))
Max no. 6 | (np.float64(1.4839973920940861e-05), array([1.32808764, 0.27181   , 0.50378605, 0.30238214, 0.132811  ,
       2.84818685, 8.73265524, 0.30933374, 2.32148118]))
Max no. 7 | (np.float64(1.4645597498944967e-05), array([1.246     , 0.83927498, 0.03037069, 0.76500244, 0.06267441,
       8.70326244, 2.33592938, 0.01140284, 2.25035576]))
Max no. 8 | (np.float64(1.4523159346687099e-05), array([1.34144987e+00, 6.28016714e-01, 2.25398987e-01, 5.76789280e-02,
       9.54062771e-01, 2.68953263e+00, 1.22499961e+01, 1.00000000e-02,
       3.42827980e+00]))
Max no. 9 | (np.float64(1.4122426028116701e-05), array([1.28880196, 1.04269998, 0.01947415, 0.2938678 , 0.92878364,
       7.14990609, 3.0773202 , 0.12006847, 2.25000032]))
Max no. 10 | (np.float64(1.3576124472696463e-05), array([1.246     , 0.7663401 , 0.05331293, 0.75612158, 0.05867694,
       7.79173128, 2.25842265, 0.01      , 2.25      ]))
Max no. 11 | (np.float64(1.3273304761267617e-05), array([ 1.28099157,  0.24676239,  0.11582632,  0.11654555,  0.92728842,
        2.74996731, 11.66043697,  0.36608628,  2.74995592]))
Max no. 12 | (np.float64(1.3224023339245396e-05), array([1.246     , 0.431858  , 0.20581283, 0.097508  , 0.43608272,
       8.05237835, 4.90217237, 0.01688684, 2.25030131]))
Max no. 13 | (np.float64(1.2756093477695678e-05), array([1.27322699, 0.33164163, 0.15120791, 0.75629617, 0.05911181,
       9.07700338, 2.28891753, 0.39570849, 2.35193504]))
Max no. 14 | (np.float64(1.1734279259209757e-05), array([1.24838414, 1.38665834, 0.31944399, 0.04700073, 0.47592499,
       2.52101708, 3.60303133, 0.03348226, 8.22439915]))
Max no. 15 | (np.float64(1.0831330489897561e-05), array([1.30262765, 0.92827416, 0.15727074, 0.33584559, 0.72720225,
       3.96570048, 4.17686216, 0.01      , 7.10049419]))
Max no. 16 | (np.float64(1.0488699943854243e-05), array([1.2672966 , 0.21363056, 0.31847601, 0.53426286, 0.94935151,
       3.78230809, 8.06305779, 0.01      , 2.25      ]))
Max no. 17 | (np.float64(1.0360072108088615e-05), array([1.28661719, 1.11734898, 0.01971011, 0.3658079 , 0.93161568,
       4.19475736, 2.53227171, 0.01000564, 4.73355901]))
Max no. 18 | (np.float64(9.414667064852293e-06), array([1.246     , 1.14358069, 0.26270331, 0.81108497, 0.97270054,
       2.25000185, 2.83578275, 0.01000522, 3.98715765]))
Max no. 19 | (np.float64(9.237886246671587e-06), array([1.249736  , 1.23178   , 0.10777934, 0.12420772, 0.90303534,
       2.29210531, 3.3546793 , 0.03637402, 2.25258186]))
Max no. 20 | (np.float64(9.139651323872159e-06), array([1.27857041, 0.37836855, 0.16626834, 0.50595641, 0.05838   ,
       3.72437862, 2.51046003, 0.01      , 2.25      ]))
Max no. 21 | (np.float64(8.698747544205012e-06), array([1.246     , 0.47544341, 0.25060223, 0.19976133, 0.75805227,
       2.60265986, 5.17861274, 0.01      , 2.25      ]))
Max no. 22 | (np.float64(8.66921295153809e-06), array([1.24600009, 0.36456394, 0.08531761, 0.41859867, 0.05838   ,
       2.74933252, 7.50446935, 0.31371668, 2.29548218]))
Max no. 23 | (np.float64(8.110446967803427e-06), array([1.24600782, 0.66991805, 0.21404468, 0.01946   , 0.36579663,
       3.65208408, 5.81533983, 0.01900276, 6.91471475]))
Max no. 24 | (np.float64(7.658567355912312e-06), array([1.54901227, 0.71585671, 0.16151254, 0.07041939, 0.95008088,
       2.25001587, 7.53736721, 0.02613962, 5.61703676]))
Max no. 25 | (np.float64(7.5892251336124985e-06), array([1.54015293e+00, 9.61339724e-01, 6.05003915e-02, 1.94600000e-02,
       5.31624557e-01, 7.69526461e+00, 8.79507206e+00, 1.00001700e-02,
       1.10967856e+01]))
Max no. 26 | (np.float64(7.134086080842467e-06), array([1.31754451, 0.6872323 , 0.2908628 , 0.81428785, 0.33860686,
       2.75634884, 2.439553  , 0.01      , 4.02956112]))
Max no. 27 | (np.float64(7.073666660704066e-06), array([1.30962249, 0.344535  , 0.08068179, 0.58471343, 0.05838   ,
       5.29435314, 2.260231  , 0.01327277, 2.25000001]))
Max no. 28 | (np.float64(7.0531104252922495e-06), array([1.24601159, 1.20269   , 0.01969194, 0.75552223, 0.05840858,
       7.93629667, 2.25      , 0.01      , 2.25      ]))
Max no. 29 | (np.float64(6.9482705792478166e-06), array([1.5491218 , 1.319844  , 0.02991818, 0.51102561, 0.95794939,
       5.60899581, 2.25      , 0.01      , 4.75294783]))
Max no. 30 | (np.float64(6.930016237705724e-06), array([1.47958023, 1.47924593, 0.02505583, 0.35716892, 0.973     ,
       4.49779216, 2.25000063, 0.0100001 , 2.25000002]))
Max no. 31 | (np.float64(6.789331171771963e-06), array([1.26174253, 0.70162753, 0.07200632, 0.90034485, 0.05859995,
       6.5404496 , 2.25938315, 0.0194272 , 6.53925521]))
Max no. 32 | (np.float64(6.7090986030648505e-06), array([1.246     , 1.1736    , 0.02025211, 0.75555962, 0.05842525,
       7.92608062, 2.25      , 0.0101507 , 2.25001208]))
Max no. 33 | (np.float64(6.532930094591206e-06), array([1.246     , 1.07559457, 0.19215879, 0.8725748 , 0.20437402,
       2.25      , 2.25      , 0.01      , 2.25      ]))
Max no. 34 | (np.float64(6.467116466089584e-06), array([1.26559102, 1.19740585, 0.2257355 , 0.44041508, 0.74362887,
       2.25      , 2.86004053, 0.01      , 7.61772255]))
Max no. 35 | (np.float64(6.375036127415026e-06), array([1.246     , 0.91313514, 0.01946   , 0.773394  , 0.05838   ,
       8.52859778, 2.25      , 0.01      , 2.25      ]))
Max no. 36 | (np.float64(6.306178284619127e-06), array([1.246     , 1.159055  , 0.02021301, 0.75551822, 0.05840655,
       7.90254986, 2.25      , 0.01      , 2.25      ]))
Max no. 37 | (np.float64(6.125836197896391e-06), array([1.246     , 0.89727052, 0.35085272, 0.56143845, 0.93455765,
       3.47881914, 4.75275306, 0.01      , 6.03743591]))
Max no. 38 | (np.float64(6.075872026531802e-06), array([ 1.246     ,  2.31390182,  0.01993141,  0.5518182 ,  0.05838   ,
       10.2656869 ,  2.25      ,  0.13273282,  2.25      ]))
Max no. 39 | (np.float64(5.993911604400101e-06), array([1.24688298, 0.95284993, 0.0463598 , 0.26521289, 0.7829688 ,
       2.26005002, 2.25224572, 0.03381211, 3.92205937]))
Max no. 40 | (np.float64(5.79715675756107e-06), array([1.24695907, 2.37411254, 0.09022582, 0.38649127, 0.11127569,
       2.26614788, 2.25000038, 0.01000169, 7.08231847]))
Max no. 41 | (np.float64(5.509775332382045e-06), array([1.246     , 2.88991082, 0.01946   , 0.24920856, 0.973     ,
       5.34642446, 2.58457597, 0.01      , 2.25      ]))
Max no. 42 | (np.float64(5.479175197748759e-06), array([1.246     , 1.58086003, 0.12212938, 0.09790966, 0.24078992,
       7.05748968, 2.28098765, 0.0100015 , 2.25000014]))
Max no. 43 | (np.float64(5.380346679906689e-06), array([1.246     , 0.97196306, 0.01946   , 0.20409075, 0.70027145,
       8.3300697 , 2.86070878, 0.01      , 2.25      ]))
Max no. 44 | (np.float64(5.34975892534367e-06), array([1.246     , 2.68628003, 0.05175781, 0.1000991 , 0.23972218,
       7.04930125, 2.34619261, 0.01      , 2.25      ]))
Max no. 45 | (np.float64(5.286961658709562e-06), array([1.28319611, 1.37144707, 0.18035144, 0.30479038, 0.92481992,
       2.25      , 2.43832989, 0.01      , 2.25      ]))
Max no. 46 | (np.float64(5.259288983949841e-06), array([1.246     , 0.82019282, 0.70678474, 0.40041029, 0.97299927,
       2.25002011, 8.82312337, 0.01000654, 2.25000065]))
Max no. 47 | (np.float64(5.220149607214042e-06), array([1.37885614, 0.315445  , 0.12177433, 0.83841803, 0.05838   ,
       3.81992949, 2.25000689, 0.01      , 2.25      ]))
Max no. 48 | (np.float64(5.117341237465936e-06), array([1.24600001, 2.70082503, 0.05548912, 0.10001184, 0.23970669,
       7.21404959, 2.3443776 , 0.01000003, 2.25      ]))
Max no. 49 | (np.float64(4.984843539320667e-06), array([1.26187855, 0.87667629, 0.02056839, 0.80065576, 0.05839952,
       6.53916912, 2.25003134, 0.01132387, 6.53909824]))
Max no. 50 | (np.float64(4.90276113708481e-06), array([1.24600001, 0.984515  , 0.06132099, 0.09980709, 0.23981547,
       7.05685956, 2.33824476, 0.01      , 2.25      ]))
Max no. 51 | (np.float64(4.704721809855201e-06), array([1.24600000e+00, 5.63536393e-01, 5.67078946e-02, 7.97915729e-01,
       5.83800125e-02, 1.22500000e+01, 2.25000016e+00, 1.00000122e-02,
       2.25000000e+00]))
Max no. 52 | (np.float64(4.342830834875921e-06), array([1.62661168, 1.34392117, 0.03471495, 0.01946721, 0.37248854,
       7.8840557 , 4.36950524, 0.01      , 2.25      ]))
Max no. 53 | (np.float64(4.26646900175299e-06), array([1.24600046, 0.49003215, 0.44510143, 0.34004919, 0.97299803,
       2.54407283, 6.3827028 , 0.01      , 2.25      ]))
Max no. 54 | (np.float64(4.112272258039925e-06), array([1.25504246, 2.44604126, 0.03687975, 0.29008616, 0.94965216,
       3.61302897, 3.37592531, 1.38153197, 2.25001052]))
Max no. 55 | (np.float64(3.894143181858754e-06), array([1.54487313, 1.42312072, 0.49710793, 0.01946   , 0.5453437 ,
       2.40905121, 5.52031601, 0.01000983, 6.69904647]))
Max no. 56 | (np.float64(3.3881836434505356e-06), array([1.49585259, 1.5259475 , 0.05166227, 0.05231513, 0.51201996,
       5.52160082, 2.34077591, 0.01      , 2.25      ]))
Max no. 57 | (np.float64(3.3626197456138174e-06), array([1.25674784, 1.94637716, 0.06978692, 0.01946002, 0.75571829,
       5.19225508, 5.1526972 , 0.01004035, 2.25000341]))
Max no. 58 | (np.float64(3.3209977071527496e-06), array([1.28463224e+00, 2.03891580e+00, 6.10371815e-02, 4.39864949e-02,
       9.62636648e-01, 2.25000005e+00, 1.22500000e+01, 1.00000000e-02,
       4.66128891e+00]))
Max no. 59 | (np.float64(2.9664099709113334e-06), array([1.28638758, 1.28996001, 0.05236936, 0.85332475, 0.08268965,
       4.71947416, 2.25163848, 1.13334899, 2.25164833]))
Max no. 60 | (np.float64(2.733469284915151e-06), array([1.40826159, 1.54487174, 0.13384026, 0.269462  , 0.85817062,
       2.36510461, 2.43587743, 0.04991694, 2.25399407]))
Max no. 61 | (np.float64(2.5989514388622637e-06), array([1.42975228, 0.42800876, 0.171396  , 0.36489183, 0.07912579,
       2.29252889, 3.69527083, 0.01      , 2.25      ]))
Max no. 62 | (np.float64(2.411634823250505e-06), array([1.246     , 1.10087501, 0.02012002, 0.75536806, 0.05838   ,
       8.36471183, 2.25      , 0.01007289, 2.25000531]))
Max no. 63 | (np.float64(2.2048099882927798e-06), array([1.59943403, 2.16597783, 0.21335682, 0.15841794, 0.38983411,
       2.26572587, 2.25      , 0.01000019, 3.12003949]))
Max no. 64 | (np.float64(2.1872761900769695e-06), array([1.24690969, 0.4709145 , 0.1069325 , 0.24379833, 0.93618181,
       2.25      , 5.39734017, 0.01      , 2.25      ]))
Max no. 65 | (np.float64(2.0029146582056837e-06), array([1.4927271 , 0.54819214, 0.27378347, 0.32955302, 0.86520565,
       2.66524033, 4.60229453, 0.0100001 , 7.05600131]))
Max no. 66 | (np.float64(1.9212651940538377e-06), array([1.29060437, 0.44791708, 0.24607625, 0.06543956, 0.592442  ,
       2.73315004, 3.5557657 , 0.01001069, 2.25000439]))
Max no. 67 | (np.float64(1.8791415959423419e-06), array([1.35292607, 0.519075  , 0.29881154, 0.27474214, 0.59730619,
       4.76047691, 2.25003678, 0.01000918, 2.25000101]))
Max no. 68 | (np.float64(1.5005468525905609e-06), array([1.37692186, 0.38817   , 0.12337075, 0.36078303, 0.75815031,
       3.16704317, 2.82702612, 0.01      , 3.86951456]))
Max no. 69 | (np.float64(1.2868985173702071e-06), array([1.33092438, 1.74739542, 0.14957467, 0.25694309, 0.84988409,
       2.25      , 4.9704839 , 0.01      , 4.93406377]))
Max no. 70 | (np.float64(1.1498277762004912e-06), array([1.49619678, 1.6448311 , 0.0254435 , 0.02989714, 0.56727325,
       5.72697238, 3.26637225, 0.01006289, 2.25000665]))
Max no. 71 | (np.float64(1.0008909495247538e-06), array([1.33294343, 0.780885  , 0.05884471, 0.31501152, 0.95284919,
       5.68787436, 4.23255166, 0.01      , 2.25      ]))
Max no. 72 | (np.float64(9.122881099980942e-07), array([1.39967334, 1.02982379, 0.02785372, 0.10891313, 0.94147572,
       2.29456596, 2.28353634, 0.01000053, 3.30901836]))
Max no. 73 | (np.float64(8.346338116616915e-07), array([1.27242828, 0.64115152, 0.04739826, 0.13112088, 0.78706982,
       4.64911746, 8.56018146, 0.01      , 9.3544626 ]))
Max no. 74 | (np.float64(7.963320795300979e-07), array([1.24913129, 1.91627344, 0.4380666 , 0.97576698, 0.973     ,
       2.46985029, 3.08102677, 0.13390215, 2.25      ]))
Max no. 75 | (np.float64(7.440298788071188e-07), array([1.42154543, 1.83724025, 0.07037268, 0.04303048, 0.4923344 ,
       2.50727806, 2.67805895, 0.02566075, 2.25157677]))
Max no. 76 | (np.float64(6.483225664159351e-07), array([1.41746437e+00, 2.07704576e+00, 1.02750831e-01, 1.94600399e-02,
       9.72999984e-01, 2.32070491e+00, 1.20485870e+01, 1.00000000e-02,
       2.25000000e+00]))
Max no. 77 | (np.float64(5.384434245710381e-07), array([1.3041314 , 2.584465  , 0.06178857, 0.0399757 , 0.53096901,
       2.4805583 , 6.56149196, 0.01      , 6.71348554]))
Max no. 78 | (np.float64(3.8056536944800426e-07), array([1.45225658, 1.41036712, 0.05575871, 0.07056869, 0.56327153,
       3.0583746 , 2.25      , 0.01000001, 2.25      ]))
Max no. 79 | (np.float64(2.7258588956420806e-07), array([1.44020712, 1.57925279, 0.13790264, 0.25794721, 0.85084318,
       2.34125983, 2.45528232, 0.01      , 8.11249013]))
Max no. 80 | (np.float64(2.567668382355455e-07), array([1.4965402 , 1.21727032, 0.02247283, 0.01946   , 0.9678758 ,
       2.25281748, 4.6544256 , 0.01062469, 2.25004313]))
Max no. 81 | (np.float64(2.2555958926895978e-07), array([1.52688058, 1.49359   , 0.02182394, 0.0300795 , 0.97299472,
       4.186266  , 3.12228112, 0.01000277, 2.25000028]))
Max no. 82 | (np.float64(1.2631163228963965e-07), array([1.24633799, 2.87085132, 0.03679691, 0.30787683, 0.9297817 ,
       2.25404273, 2.53405973, 0.02348797, 7.28827634]))
Max no. 83 | (np.float64(2.2691456570398274e-08), array([1.32832332, 1.508135  , 0.01946   , 0.02048205, 0.50149267,
       6.25772691, 4.60820253, 0.01      , 2.25      ]))
Max no. 84 | (np.float64(-2.110175050013648e-08), array([1.42133607, 1.81664225, 0.04974766, 0.01946009, 0.80340805,
       2.62278112, 7.86874001, 0.01      , 2.25      ]))
Max no. 85 | (np.float64(-6.376911710251523e-08), array([1.48805673, 1.55577562, 0.03682846, 0.01946   , 0.54749337,
       2.68882962, 2.25      , 0.01      , 2.25      ]))
Max no. 86 | (np.float64(-9.863253252445811e-08), array([1.47466078, 1.96174396, 0.05270194, 0.03109016, 0.54839099,
       2.63720642, 3.2515128 , 0.04663392, 2.25327094]))
Max no. 87 | (np.float64(-9.864933273610075e-08), array([1.25150036, 2.48266332, 0.03476749, 0.02708542, 0.51622076,
       3.27758424, 6.82184812, 0.01190351, 6.23620635]))
Max no. 88 | (np.float64(-2.431481624911692e-07), array([1.5814736 , 2.19343099, 0.0563235 , 0.01946   , 0.66407012,
       2.25001631, 5.23537904, 0.01      , 2.25      ]))
Max no. 89 | (np.float64(-2.434177429232629e-07), array([1.76071443, 1.68311177, 0.01974193, 0.01946   , 0.52210248,
       4.68959906, 3.11263182, 0.01      , 2.25      ]))
Max no. 90 | (np.float64(-3.242425785942834e-07), array([1.41626613, 1.26113825, 0.02315443, 0.02433537, 0.96573152,
       2.25023806, 6.62109102, 0.01003818, 2.25000199]))
Max no. 91 | (np.float64(-4.0505842356758285e-07), array([1.40952431, 1.013605  , 0.01946   , 0.01946   , 0.860191  ,
       2.25017066, 9.05742239, 0.01      , 2.25      ]))
Max no. 92 | (np.float64(-4.7489279186692986e-07), array([1.45876117, 1.67279481, 0.01946   , 0.01946003, 0.55920166,
       5.21231781, 2.25010387, 0.01      , 2.25      ]))
Max no. 93 | (np.float64(-7.018340738458698e-07), array([1.38515661e+00, 1.76712614e+00, 5.79777852e-02, 1.94600000e-02,
       9.66329390e-01, 2.25515428e+00, 6.44358995e+00, 1.00000000e-02,
       1.21574808e+01]))
Max no. 94 | (np.float64(-7.073158259138233e-07), array([1.246     , 1.1521869 , 0.76666529, 0.76443067, 0.973     ,
       2.25      , 3.24136979, 0.01      , 2.25      ]))
Max no. 95 | (np.float64(-7.750484655131537e-07), array([1.28339838, 2.206295  , 0.0423485 , 0.08404593, 0.95806907,
       7.0627282 , 2.25000235, 0.01778956, 2.25      ]))
Max no. 96 | (np.float64(-1.039950637068628e-06), array([1.246     , 1.9132617 , 0.14903198, 0.20819044, 0.94649516,
       2.26302892, 4.94167404, 0.01      , 2.25      ]))
Max no. 97 | (np.float64(-1.0766893643097815e-06), array([1.77767877, 2.6578838 , 0.10248286, 0.01947923, 0.83438397,
       2.25001737, 7.39694465, 0.01      , 2.25      ]))
Max no. 98 | (np.float64(-1.2403031769500568e-06), array([1.27083353, 2.3372    , 0.03717092, 0.05087029, 0.95506315,
       7.04234664, 2.25      , 0.01807882, 2.25069972]))
Max no. 99 | (np.float64(-1.4660400139100778e-06), array([1.63202372, 1.88746267, 0.01946   , 0.01946001, 0.50211361,
       7.10190582, 4.35719747, 0.01      , 7.97338841]))
Max no. 100 | (np.float64(-1.4906257898527907e-06), array([1.56158534, 1.93031436, 0.01946   , 0.01946   , 0.97214871,
       2.980499  , 3.82239524, 0.01      , 2.25      ]))
Max no. 101 | (np.float64(-1.6631995544243873e-06), array([1.31051381, 2.54507607, 0.04703598, 0.03883022, 0.46684141,
       2.2551783 , 7.25105781, 0.01      , 7.6565361 ]))
Max no. 102 | (np.float64(-1.689895297275974e-06), array([1.50686891, 0.88270911, 0.22973138, 0.01946008, 0.36862897,
       2.44500543, 2.25000012, 0.01      , 2.25      ]))
Max no. 103 | (np.float64(-1.773384745255607e-06), array([1.24601881, 2.90445503, 0.03449456, 0.09172379, 0.23702554,
       7.10320705, 2.34453431, 0.01      , 2.25      ]))
Max no. 104 | (np.float64(-1.9382549702311405e-06), array([1.73969332, 2.23926548, 0.01971544, 0.01978727, 0.56100435,
       5.34589932, 3.9328485 , 0.01      , 2.25      ]))
Max no. 105 | (np.float64(-1.9628385664065483e-06), array([1.246     , 0.82452009, 0.04774331, 0.75662779, 0.05890641,
       7.71326677, 2.26263408, 0.01229777, 2.25022325]))
Max no. 106 | (np.float64(-2.1008641567391375e-06), array([1.27192369, 2.12787712, 0.17034948, 0.01946   , 0.96559031,
       2.81360766, 6.66131279, 0.01202245, 2.25018513]))
Max no. 107 | (np.float64(-2.246504833606201e-06), array([1.30170387, 1.45889196, 0.1207579 , 0.44906821, 0.87448704,
       3.29950491, 3.03323275, 0.69540849, 2.25      ]))
Max no. 108 | (np.float64(-2.3285129411941125e-06), array([1.24601502, 0.73195375, 0.41732876, 0.85395487, 0.42310642,
       2.43490294, 3.05331035, 0.01217225, 4.27617723]))
Max no. 109 | (np.float64(-2.3964272677197543e-06), array([ 1.24924771,  2.15646832,  0.05641885,  0.01946   ,  0.32168806,
        2.26755001, 12.23691017,  0.04412252,  2.25334137]))
Max no. 110 | (np.float64(-2.667755589063091e-06), array([1.25601342, 1.39340503, 0.17011259, 0.35519401, 0.73447298,
       2.61197575, 2.25      , 0.01      , 2.25      ]))
Max no. 111 | (np.float64(-2.683434213386936e-06), array([1.56388105, 2.5176783 , 0.03394747, 0.04044554, 0.66221062,
       3.8033961 , 2.47139696, 0.01      , 6.24367028]))
Max no. 112 | (np.float64(-3.1167008438833126e-06), array([1.40440471, 1.69722   , 0.04692427, 0.01946   , 0.94694011,
       2.38784069, 5.93707197, 0.01      , 4.79333948]))
Max no. 113 | (np.float64(-3.4300775703424793e-06), array([ 1.37460918,  1.85743125,  0.26652755,  0.01957304,  0.85949881,
        2.90619155, 11.16890856,  0.32106239,  2.29346156]))
Max no. 114 | (np.float64(-4.465917481941529e-06), array([1.24600045, 2.56255905, 0.01947725, 0.24824477, 0.97147692,
       2.25000624, 2.44892486, 0.01000086, 2.25000005]))
Max no. 115 | (np.float64(-4.621104937086747e-06), array([1.24899461, 1.09050835, 0.11699666, 0.54985357, 0.10933323,
       2.47279349, 2.25      , 0.01000046, 2.25000001]))
Max no. 116 | (np.float64(-4.6889719938046346e-06), array([1.33851013, 2.80264001, 0.04002154, 0.03816827, 0.51042083,
       2.25307445, 6.30085067, 0.01693442, 6.52493279]))
Max no. 117 | (np.float64(-5.154641311891889e-06), array([1.246     , 2.09076767, 0.17397023, 0.02870781, 0.87362427,
       2.63800043, 2.83761782, 0.01      , 2.80580156]))
Max no. 118 | (np.float64(-5.400854562234944e-06), array([1.24600167, 2.39574496, 0.01975437, 0.15564068, 0.973     ,
       2.64949466, 3.35750559, 0.01      , 6.59954312]))
Max no. 119 | (np.float64(-5.400985268656622e-06), array([1.58382397, 2.83173   , 0.06046488, 0.01958626, 0.5104288 ,
       7.01042562, 3.73410777, 0.01      , 2.25      ]))
Max no. 120 | (np.float64(-5.468632604939557e-06), array([1.24899927, 2.67240556, 0.01946258, 0.56964621, 0.05902298,
       7.94273138, 2.25      , 0.0237213 , 2.25129971]))
Max no. 121 | (np.float64(-5.825044820687093e-06), array([1.36516282, 2.47156503, 0.22921025, 0.01946134, 0.85608155,
       2.39171064, 2.25002899, 0.01      , 2.25      ]))
Max no. 122 | (np.float64(-5.873732918120108e-06), array([1.46459641, 2.02660104, 0.04876211, 0.25748724, 0.84367786,
       3.79893699, 4.34150897, 0.01      , 9.52507183]))
Max no. 123 | (np.float64(-6.174763176861659e-06), array([1.24600000e+00, 1.26043946e+00, 1.99984079e-02, 1.94600000e-02,
       9.64524700e-01, 4.78740344e+00, 1.15826975e+01, 1.00000000e-02,
       4.07754748e+00]))
Max no. 124 | (np.float64(-7.152672827338705e-06), array([1.3647257 , 1.72631275, 0.10390883, 0.02415691, 0.7358973 ,
       2.25000012, 7.10523482, 0.09506759, 2.25      ]))
Max no. 125 | (np.float64(-7.478983316032579e-06), array([1.27966869, 1.0057634 , 0.12056092, 1.78458912, 0.05838   ,
       2.41960248, 2.25      , 0.01      , 6.95215321]))
Max no. 126 | (np.float64(-7.741648910854613e-06), array([1.246     , 2.81833138, 0.06484748, 0.02133354, 0.30351487,
       4.19065771, 2.25021505, 0.01041049, 2.25005587]))
Max no. 127 | (np.float64(-7.917869657170071e-06), array([1.24600001, 1.30803499, 0.07142938, 0.93391112, 0.05875195,
       2.26058186, 2.25900768, 1.11348752, 2.51152068]))
Max no. 128 | (np.float64(-8.738174822097859e-06), array([1.24887048, 1.27541575, 0.31741201, 0.46444991, 0.95758327,
       2.25      , 3.2393204 , 0.01000352, 4.34554551]))
Max no. 129 | (np.float64(-9.667014503629852e-06), array([1.30519564, 2.27951851, 0.2460272 , 0.02311309, 0.97298609,
       2.40615268, 2.64956187, 0.01      , 2.25      ]))
Max no. 130 | (np.float64(-9.697677889847026e-06), array([1.24603034, 1.79903794, 0.02221622, 0.2158268 , 0.43011395,
       7.12196214, 3.33901189, 0.01065474, 2.25005787]))
Max no. 131 | (np.float64(-1.0695008182036422e-05), array([1.27420747, 2.04630052, 0.2033083 , 0.15141779, 0.916041  ,
       2.34051954, 2.28281554, 0.30683013, 3.22812776]))
Max no. 132 | (np.float64(-1.0737419598372394e-05), array([1.44207671, 1.71981994, 0.24878539, 0.08333279, 0.955709  ,
       3.34709786, 2.28508128, 0.40149475, 2.26091514]))
Max no. 133 | (np.float64(-1.0907289859251814e-05), array([1.24600925e+00, 2.13476530e+00, 4.59765479e-01, 1.94600000e-02,
       7.76219359e-01, 2.52812157e+00, 1.22358026e+01, 1.00000274e-02,
       2.25000000e+00]))
Max no. 134 | (np.float64(-1.1336798565986634e-05), array([1.41162947, 1.61843713, 0.11166398, 0.29238659, 0.07397382,
       2.86363032, 3.77518156, 0.04561404, 2.2536599 ]))
Max no. 135 | (np.float64(-1.2115872833306738e-05), array([1.25628105, 0.60162722, 0.2122015 , 0.46792517, 0.13626795,
       3.48710723, 2.47631522, 0.06789683, 3.79736009]))
Max no. 136 | (np.float64(-1.735819305555427e-05), array([1.25422753, 0.60634609, 0.02114958, 0.22453338, 0.86528697,
       2.65374855, 3.4102176 , 0.01      , 2.25      ]))
Max no. 137 | (np.float64(-1.8722565132878395e-05), array([1.25179725, 2.84935586, 0.08356833, 0.57788857, 0.06984305,
       2.2762252 , 2.25      , 0.06814403, 2.25      ]))
Max no. 138 | (np.float64(-1.884655989947933e-05), array([1.246     , 1.43964773, 0.68807421, 0.68524501, 0.973     ,
       2.25      , 3.44309557, 0.01      , 2.25      ]))
Max no. 139 | (np.float64(-1.89737086382032e-05), array([1.4276403 , 2.57687676, 0.19745245, 0.76947702, 0.81996692,
       2.36244619, 2.25      , 0.01      , 2.25      ]))
Max no. 140 | (np.float64(-1.9361088220307033e-05), array([1.24768378, 1.77600141, 0.66995642, 0.6820611 , 0.97004717,
       2.25      , 2.92168077, 0.01000111, 2.25000008]))
Max no. 141 | (np.float64(-1.9645868146658104e-05), array([1.40936743, 2.46071586, 0.85891188, 0.02035541, 0.34905823,
       2.25      , 9.04301069, 0.04177759, 2.25      ]))
Max no. 142 | (np.float64(-2.0611444359553964e-05), array([1.25229003, 1.63075788, 0.64750842, 0.52276535, 0.95714552,
       2.25      , 3.29066707, 0.01000107, 2.65772992]))
Max no. 143 | (np.float64(-2.0775797891686112e-05), array([1.42403227, 2.72564308, 0.27925542, 0.284181  , 0.78981957,
       2.44973807, 2.64896009, 0.01      , 6.08787328]))
Max no. 144 | (np.float64(-2.1305842907614536e-05), array([1.51003118, 1.468786  , 0.01948518, 0.9121965 , 0.05838434,
       4.23585546, 2.25006863, 0.01      , 2.25      ]))
Max no. 145 | (np.float64(-2.3059080286280527e-05), array([1.24665494, 2.78809504, 0.04803   , 0.10073649, 0.23986306,
       7.04902324, 2.35892843, 0.22480078, 5.75072333]))
Max no. 146 | (np.float64(-2.4027664415554406e-05), array([1.28798608, 2.177205  , 0.3106127 , 0.74396433, 0.94245096,
       3.81342922, 2.32109377, 0.0145424 , 4.4158593 ]))
Max no. 147 | (np.float64(-2.616062607674337e-05), array([1.59460047, 2.64264649, 0.23728151, 0.02136428, 0.2951165 ,
       3.35349957, 3.01592248, 0.01      , 6.57447486]))
Max no. 148 | (np.float64(-2.772927587389648e-05), array([1.25765927, 0.21347119, 0.58876259, 1.13129873, 0.56181369,
       5.55590047, 8.78404368, 0.66112822, 2.33457198]))
Max no. 149 | (np.float64(-2.8648087650102966e-05), array([1.246     , 0.75521925, 0.10731989, 0.51869585, 0.06306074,
       2.25294145, 4.30108882, 0.01      , 2.25      ]))
Max no. 150 | (np.float64(-2.919167200185514e-05), array([1.34274769, 2.60763563, 0.05694006, 0.96369519, 0.973     ,
       7.45044893, 2.25      , 0.98876672, 2.25      ]))
Max no. 151 | (np.float64(-3.3727676992271335e-05), array([1.3954974 , 2.88073025, 0.32671391, 0.71661497, 0.973     ,
       2.73319713, 2.25      , 0.02116988, 2.25069341]))
Max no. 152 | (np.float64(-3.705526434192955e-05), array([1.30074071, 2.26484569, 0.1334041 , 0.84449312, 0.97072543,
       5.26323765, 2.33086779, 0.01      , 7.73624009]))
Max no. 153 | (np.float64(-3.994556680563881e-05), array([1.29546202, 2.3555526 , 0.69576209, 0.01946   , 0.32615779,
       2.25001569, 8.79508344, 0.01000445, 4.3924703 ]))
Max no. 154 | (np.float64(-4.25116686418223e-05), array([1.2548298 , 2.74446066, 0.4176407 , 1.04283307, 0.96342418,
       3.11848958, 2.38085518, 0.17660244, 2.25      ]))
Max no. 155 | (np.float64(-4.8063205248642596e-05), array([1.25265198, 2.62810107, 0.3756196 , 0.98945452, 0.97299993,
       3.0809136 , 2.37868192, 0.20495304, 2.25071371]))
Max no. 156 | (np.float64(-5.476200879964296e-05), array([1.51712222, 1.79462332, 0.20419592, 0.29546795, 0.69046629,
       2.66595129, 4.01819874, 0.01000067, 2.25000006]))
Max no. 157 | (np.float64(-5.740641776537126e-05), array([1.3286353 , 2.62269326, 0.07074986, 1.06080215, 0.96532364,
       7.56422005, 2.32927644, 0.85309639, 2.27292403]))
Max no. 158 | (np.float64(-5.8275328289905657e-05), array([1.65741804, 0.30090009, 0.21211348, 0.25490583, 0.9728647 ,
       3.25361066, 6.43737234, 0.01221869, 4.78221454]))
Max no. 159 | (np.float64(-7.913051459102707e-05), array([1.31011336, 2.53355561, 0.50883772, 0.52286288, 0.94478224,
       2.6774939 , 2.57027195, 0.47792843, 2.34130233]))
Max no. 160 | (np.float64(-8.227178254320124e-05), array([ 1.358993  ,  2.1081495 ,  0.02035615,  1.46569143,  0.28083398,
       11.35019361,  2.25      ,  0.08296717,  2.38840188]))
Max no. 161 | (np.float64(-9.642957109765848e-05), array([1.2780036 , 1.98812   , 0.03396934, 1.61182116, 0.19616784,
       7.12478015, 2.42110416, 0.01      , 2.25      ]))
Max no. 162 | (np.float64(-0.0023724748965447896), array([1.33278589, 2.32940523, 0.43545544, 1.4736612 , 0.85682523,
       4.63311567, 5.92532468, 0.89805563, 2.25001431]))
Max no. 163 | (np.float64(-0.002504286638824664), array([1.28851728, 2.43016084, 0.06235008, 1.92260729, 0.0639793 ,
       2.6887948 , 2.50592571, 0.50037845, 2.25      ]))
Max no. 164 | (np.float64(-0.005763783821325136), array([1.41216023, 2.06644448, 0.457182  , 0.325788  , 0.54463043,
       2.65019271, 4.13923813, 0.697722  , 4.2698082 ]))
Max no. 165 | (np.float64(-0.012519059927095746), array([ 1.58591065,  0.65273285,  0.02451658,  0.19794961,  0.94737194,
        8.27632531, 11.31172223,  0.07770278,  2.25399682]))
Max no. 166 | (np.float64(-0.016524764375520695), array([1.24668498, 2.73039602, 0.32865208, 1.05400818, 0.932035  ,
       5.16702775, 3.52867848, 0.01076229, 5.58204504]))
Max no. 167 | (np.float64(-0.024301842391379704), array([1.32330792, 1.653585  , 0.75500469, 0.8026401 , 0.68616579,
       2.42250786, 2.99132696, 0.01020572, 4.87561317]))
Max no. 168 | (np.float64(-0.04379046522528618), array([1.65352756, 2.76530984, 0.05402746, 0.70486125, 0.86865706,
       7.77108903, 2.33322889, 0.02102604, 2.2513546 ]))
Max no. 169 | (np.float64(-0.05638607351762801), array([1.51024309, 0.17719909, 0.13538082, 0.47785942, 0.6800034 ,
       2.89051675, 2.78052807, 0.23369336, 2.25349614]))
Max no. 170 | (np.float64(-0.12047925874975574), array([1.36615972, 2.00602458, 0.6299532 , 0.04406508, 0.971461  ,
       3.15007912, 3.80602766, 0.06263578, 2.25492086]))
Max no. 171 | (np.float64(-0.1545800086813605), array([1.41321713, 2.41096056, 0.08294486, 0.82858832, 0.97281822,
       6.96558464, 2.2502289 , 0.01078155, 6.30178782]))
Max no. 172 | (np.float64(-0.20055250775377934), array([1.26518601, 0.2908659 , 0.58172588, 0.60090254, 0.9386083 ,
       2.38649542, 5.32027834, 0.58429479, 2.33859478]))
Max no. 173 | (np.float64(-0.24019083794395635), array([1.27834827, 0.2319198 , 0.41197274, 0.80178622, 0.95812131,
       2.63656966, 5.79572306, 0.40992294, 2.34540873]))
Max no. 174 | (np.float64(-0.33018925837540514), array([1.39287116, 2.2237005 , 0.40299354, 0.88638815, 0.92124795,
       2.40292279, 2.61468196, 0.01      , 2.59769359]))
Max no. 175 | (np.float64(-0.3717031894371202), array([1.57564602, 1.8717931 , 0.01946   , 0.01946   , 0.93020439,
       2.25099236, 2.58520039, 0.01441377, 2.25043929]))
Max no. 176 | (np.float64(-0.41846337950929613), array([1.59492565e+00, 1.35825334e+00, 1.52342721e-01, 1.13952755e-01,
       9.23745740e-01, 1.22412549e+01, 5.10215261e+00, 1.03929739e-02,
       7.11678086e+00]))
Max no. 177 | (np.float64(-0.9145642690244274), array([ 1.50518828,  0.58432485,  0.40954804,  0.2007724 ,  0.33462142,
        2.25017295, 10.96148907,  0.23652075,  2.54358999]))
Max no. 178 | (np.float64(-0.9500068900691625), array([1.54231972, 0.53362   , 0.05828482, 0.01947294, 0.74546092,
       3.1249409 , 8.25433671, 0.01      , 2.25      ]))
Max no. 179 | (np.float64(-1.0120253329505673), array([1.60422051e+00, 2.78277757e-01, 2.72315961e-01, 2.05697905e-01,
       9.72780448e-01, 2.76499918e+00, 8.43905724e+00, 1.00000000e-02,
       1.10964666e+01]))
Max no. 180 | (np.float64(-1.0219971136184713), array([1.71671067, 0.51839538, 0.03335273, 0.02669252, 0.94612432,
       2.99901144, 3.63793886, 0.01      , 2.25      ]))
Max no. 181 | (np.float64(-1.1021067346576874), array([1.54391511, 2.25003516, 0.01946054, 0.01946113, 0.973     ,
       2.25000001, 2.53022786, 0.0100029 , 4.08094931]))
Max no. 182 | (np.float64(-1.186771154248734), array([1.54121748, 0.01      , 0.01989507, 0.01946   , 0.70404063,
       2.25      , 2.25      , 0.01      , 2.25      ]))
Max no. 183 | (np.float64(-1.2194794444141368), array([1.44654071, 0.024545  , 0.01946   , 0.01946   , 0.70787602,
       2.25      , 2.25      , 0.01      , 2.25      ]))
Max no. 184 | (np.float64(-1.229701632207504), array([1.41907942, 2.30217474, 0.01946   , 0.01946   , 0.5246355 ,
       2.25      , 2.25      , 0.01      , 2.25      ]))
Max no. 185 | (np.float64(-1.2506166124766442), array([1.58021723, 0.03909   , 0.01946115, 0.01946   , 0.82221499,
       2.25      , 2.25      , 0.01      , 2.25      ]))
Max no. 186 | (np.float64(-1.2793380347179526), array([1.66541405, 0.053635  , 0.01946   , 0.01946   , 0.83168879,
       2.25      , 2.25      , 0.01      , 2.25      ]))
Max no. 187 | (np.float64(-1.3058125679916752), array([1.78220557, 0.06818   , 0.02428348, 0.01946   , 0.95672178,
       2.25      , 2.25      , 0.01      , 2.25      ]))
Max no. 188 | (np.float64(-1.313284921554714), array([1.4532049 , 0.40887635, 0.02018115, 0.02028043, 0.52458642,
       3.69293247, 2.25083197, 0.01      , 2.25      ]))
Max no. 189 | (np.float64(-1.3282023265180192), array([1.79479155, 0.082725  , 0.01953961, 0.01946   , 0.97299867,
       2.25      , 2.25      , 0.01      , 2.25      ]))
Max no. 190 | (np.float64(-1.336459327935722), array([1.53236547, 0.199085  , 0.02035633, 0.01946   , 0.72994765,
       2.25      , 2.25      , 0.01      , 2.25      ]))
Max no. 191 | (np.float64(-1.3400860391596718), array([1.25737273, 2.3810574 , 0.11586113, 0.0485851 , 0.70611511,
       2.35777757, 2.33889716, 1.18210053, 2.25015398]))
Max no. 192 | (np.float64(-1.3449896697853232), array([1.70261546, 0.09727   , 0.01946   , 0.01946   , 0.8377777 ,
       2.25      , 2.25      , 0.01      , 2.25      ]))
Max no. 193 | (np.float64(-1.3576529641586905), array([1.43791353, 0.111815  , 0.01946   , 0.01946   , 0.75927534,
       2.25      , 2.25      , 0.01      , 2.25      ]))
Max no. 194 | (np.float64(-1.3670021764399685), array([1.64801464, 0.12636   , 0.01946   , 0.01946   , 0.85865393,
       2.25      , 2.25      , 0.01      , 2.25      ]))
Max no. 195 | (np.float64(-1.3790044072338503), array([1.61926848, 0.14869509, 0.02198188, 0.01946   , 0.93507975,
       2.25      , 2.25      , 0.01      , 2.25      ]))
Max no. 196 | (np.float64(-1.4829054380115576), array([1.946     , 0.15545   , 0.02122151, 0.01946   , 0.13192794,
       2.25      , 2.25      , 0.01      , 2.25      ]))
Max no. 197 | (np.float64(-1.5577257363061432), array([1.44826088, 2.77355013, 1.00106082, 0.0263282 , 0.10152394,
       2.70574672, 6.80630698, 0.01000007, 6.7296959 ]))
Max no. 198 | (np.float64(-1.5655585578591942), array([1.44192033, 2.50431463, 0.02088328, 0.01946   , 0.973     ,
       2.25001065, 2.25      , 0.01      , 2.25      ]))
Max no. 199 | (np.float64(-1.6341827537147682), array([1.946   , 1.595405, 0.01946 , 0.01946 , 0.05838 , 2.25    ,
       2.25    , 0.01    , 2.25    ]))
------------------------------------------------------------------------------------------------------------------------------------
