
------------------------------------------------------------------------------------------------------------------------------------
All maxima | (local maximum, local maximiser)
Max no. 0 | (2.8978710341124185e-05, array([ 1.3500007 ,  0.28714438,  0.37250671,  0.18623048,  0.37250228,
        7.25006522,  7.24996901, 27.50009069,  1.12251081,  7.25010668]))
Max no. 1 | (-3.191911684917545e-05, array([1.21980880e+00, 1.38491228e+00, 1.69665830e-01, 2.22875959e-01,
       7.45000000e-01, 2.83768949e+00, 3.20041372e+00, 4.93767480e+01,
       1.09191517e-02, 2.25013864e+00]))
Max no. 2 | (-0.00015457660924317386, array([ 1.3482191 ,  0.39484518,  0.3461021 ,  0.16074423,  0.39764139,
        7.04365522,  7.27738546, 27.58613332,  1.15551818,  7.10813174]))
Max no. 3 | (-0.008706319005201801, array([ 1.44613059,  0.57397381,  0.86443778,  0.3898099 ,  0.32713602,
        3.36195248,  7.84704233, 41.36249552,  0.44812652,  2.90788518]))
Max no. 4 | (-0.9363026387719995, array([1.21656238e+00, 2.20267461e+00, 8.90873205e-05, 1.07656397e-04,
       8.49386063e-06, 2.25012163e+00, 2.25012163e+00, 5.00000000e+01,
       1.00000026e-02, 2.25000000e+00]))
Max no. 5 | (-1.237660629116041, array([ 1.27345684,  0.05393228,  1.11179035,  1.35599137,  0.05535811,
        5.1398167 ,  2.36426987, 50.        ,  0.61193287,  2.37277628]))
Max no. 6 | (-1.484733593432963, array([ 1.44115191,  1.0788467 ,  0.61971741,  0.63630711,  0.42121933,
        5.94713126,  8.85094099, 41.59043067,  0.96327224,  3.73314679]))
Max no. 7 | (-4.152366254985037, array([ 1.2316026 ,  0.89031228,  1.44613281,  0.24489714,  0.745     ,
        2.25080856,  2.25      , 44.00350205,  1.50528779,  2.25265024]))
------------------------------------------------------------------------------------------------------------------------------------
