
------------------------------------------------------------------------------------------------------------------------------------
All maxima | (local maximum, local maximiser)
Max no. 0 | (0.00016174485553728104, array([1.44484609e+00, 2.06432987e+00, 7.41835593e-01, 6.15420633e-01,
       3.23921451e-01, 4.56512121e+00, 4.22885515e+00, 1.42287742e+01,
       1.00000000e-02, 3.70225420e+00]))
Max no. 1 | (0.00015703477867797262, array([ 1.31272329,  0.38612338,  0.40997534,  0.12822567,  0.40464761,
        5.52102366,  8.10365823, 33.67457617,  1.0141858 ,  6.6271906 ]))
Max no. 2 | (0.00013953698865806045, array([1.22219666e+00, 1.08479390e+00, 5.70711392e-01, 6.65944694e-01,
       2.76848802e-01, 6.63229238e+00, 5.70791987e+00, 5.00000000e+01,
       1.00000000e-02, 2.25000000e+00]))
Max no. 3 | (9.117782400322229e-05, array([ 1.052     ,  0.56626158,  0.30368671,  0.06086546,  0.73701946,
        2.32254603,  3.58594563, 44.5810241 ,  0.23598603,  2.88727134]))
Max no. 4 | (7.707813647523072e-05, array([ 1.2516929 ,  1.28069698,  0.32842819,  0.47629721,  0.13736303,
        2.52274831,  9.14628421, 50.        ,  0.29614952,  2.27551242]))
Max no. 5 | (7.280556960210431e-05, array([ 1.28981857,  0.27967472,  0.19199993,  0.42489676,  0.4161594 ,
        8.61701716,  2.83601719, 36.81640985,  0.31339617, 10.1794226 ]))
Max no. 6 | (7.088401508875449e-05, array([ 1.28982568,  0.52689493,  0.19094592,  0.42489572,  0.41618464,
        8.61565866,  2.83552014, 36.81643811,  0.30758281, 10.17742569]))
Max no. 7 | (6.37869590195362e-05, array([ 1.29256289,  0.34859585,  0.38716352,  0.18737779,  0.37139139,
        7.28959752,  7.24853807, 27.49944748,  1.25153395,  8.19658886]))
Max no. 8 | (6.0738472319126315e-05, array([ 1.21588561,  0.21567528,  0.79581168,  0.54956916,  0.2146029 ,
        2.56888878,  5.99602377, 45.0079749 ,  0.21897853,  9.09156695]))
Max no. 9 | (4.953050286969511e-05, array([ 1.2898221 ,  0.46509195,  0.19215775,  0.42491235,  0.41615752,
        8.61735644,  2.83635105, 36.81640821,  0.31482373, 10.1799601 ]))
Max no. 10 | (4.294233049840418e-05, array([1.34348645e+00, 9.15305776e-01, 6.94584487e-01, 5.17995731e-01,
       2.30887084e-01, 8.78564382e+00, 5.27581032e+00, 4.25753325e+01,
       1.25184057e-02, 2.25128240e+00]))
Max no. 11 | (3.603276942767667e-05, array([1.05200000e+00, 1.12252389e+00, 0.00000000e+00, 1.04849650e-01,
       7.44999569e-01, 5.86346654e+00, 2.31249372e+00, 5.00000000e+01,
       1.00034605e-02, 3.95552213e+00]))
Max no. 12 | (3.1214684397360314e-05, array([1.05536556e+00, 2.19907076e+00, 8.07368073e-07, 3.13430083e-02,
       7.42417308e-01, 6.81787950e+00, 7.40159934e+00, 5.00000000e+01,
       1.00005501e-02, 2.25000010e+00]))
Max no. 13 | (2.9454605965425457e-05, array([1.10192331e+00, 1.98760977e+00, 3.80768334e-02, 3.97683383e-07,
       7.44163391e-01, 7.11484115e+00, 1.17394941e+01, 5.00000000e+01,
       1.00000000e-02, 2.25000000e+00]))
Max no. 14 | (5.044293100908576e-06, array([1.18979675e+00, 9.81704849e-01, 5.49497104e-02, 0.00000000e+00,
       5.54265678e-01, 3.03262877e+00, 1.06513936e+01, 4.98229139e+01,
       2.18508394e-02, 2.25182883e+00]))
Max no. 15 | (1.6356529356493811e-06, array([1.18208803e+00, 1.02849578e+00, 6.24812744e-02, 0.00000000e+00,
       5.30112480e-01, 2.25001445e+00, 8.99320317e+00, 5.00000000e+01,
       1.00002043e-02, 2.25000014e+00]))
Max no. 16 | (-2.1850942166975455e-05, array([ 1.4357265 ,  0.66295463,  0.82850959,  0.62163435,  0.3708758 ,
        3.83924414,  8.02290751, 41.3121649 ,  0.33558115,  3.63375784]))
Max no. 17 | (-7.010502201977028e-05, array([ 1.10965268,  2.17055497,  0.25181328,  0.11108501,  0.62906987,
        5.24984973,  3.17866063, 10.20428981,  0.79702631,  4.15227371]))
Max no. 18 | (-0.024134577168607847, array([1.39952606e+00, 1.62635518e+00, 6.54097324e-01, 7.41835661e-01,
       2.79118649e-01, 8.48401212e+00, 4.38323109e+00, 5.00000000e+01,
       1.01681734e-02, 5.57016566e+00]))
Max no. 19 | (-0.04265369956041116, array([ 1.46609879,  1.47643335,  0.12801977,  0.84975477,  0.4947304 ,
        4.82805702,  2.64029779, 45.42968772,  1.69652964,  5.77039331]))
Max no. 20 | (-0.05340312628965322, array([ 1.42328564,  0.16921151,  1.0068935 ,  0.36953966,  0.34355666,
        3.7377645 ,  7.93348404, 41.48081544,  0.55606368,  4.55527002]))
Max no. 21 | (-0.12779072284687418, array([ 1.46549768,  1.22921066,  0.12337424,  0.845494  ,  0.49452739,
        4.82998586,  2.49807554, 45.43153835,  1.71702899,  5.87866981]))
Max no. 22 | (-0.14035532165639758, array([ 1.1863872 ,  1.33810531,  0.40339704,  0.13824319,  0.4967997 ,
        2.67827085, 11.49226278, 20.1724731 ,  1.31973544, 12.24956374]))
Max no. 23 | (-0.32575085632582607, array([1.11272628e+00, 1.00349159e-02, 1.44517082e+00, 1.15118429e-01,
       2.47582277e-01, 3.80751219e+00, 1.03359375e+01, 5.00000000e+01,
       2.95426803e-01, 2.70636177e+00]))
Max no. 24 | (-0.36631815783716604, array([ 1.052     ,  0.0934615 ,  1.49      ,  0.24062104,  0.69453323,
        2.25759874,  7.34810912, 50.        ,  0.24746593,  2.2523922 ]))
Max no. 25 | (-0.5064489006599397, array([1.14906216e+00, 1.81743183e+00, 1.01495177e-07, 1.20887151e-07,
       1.03890743e-08, 2.25000007e+00, 2.25000019e+00, 5.00000000e+01,
       1.00000084e-02, 2.25000000e+00]))
Max no. 26 | (-0.5353810007707186, array([1.13079322e+00, 1.76196663e+00, 0.00000000e+00, 0.00000000e+00,
       0.00000000e+00, 2.25000000e+00, 2.25000000e+00, 5.00000000e+01,
       1.00000000e-02, 2.25000000e+00]))
Max no. 27 | (-0.5379695311187612, array([ 1.46536058,  1.90907254,  0.12482479,  0.84870646,  0.4958114 ,
        4.82297905,  2.5801445 , 45.43018555,  1.70183756,  5.7947242 ]))
Max no. 28 | (-0.5481204086553654, array([ 1.2898806 ,  0.71231262,  0.19269192,  0.42499791,  0.41618668,
        8.61590193,  2.8349972 , 36.81662055,  0.31169923, 10.18134643]))
Max no. 29 | (-0.6035506276606633, array([1.18693474e+00, 2.00584194e+00, 8.87671038e-11, 8.84687807e-11,
       1.36506555e-11, 2.25000000e+00, 2.25000000e+00, 5.00000000e+01,
       1.00000000e-02, 2.25000000e+00]))
Max no. 30 | (-0.6252869012864096, array([1.16263147e+00, 1.71710665e+00, 4.30260484e-07, 3.62911823e-07,
       3.85575682e-08, 2.92584388e+00, 2.25000013e+00, 5.00000000e+01,
       3.18601636e-01, 2.51361559e+00]))
Max no. 31 | (-1.1401167538315855, array([ 1.28297121,  1.54475466,  0.47028822,  0.71047757,  0.69304803,
       11.52236829, 12.05105881, 49.48595176,  0.49637448,  2.62021946]))
Max no. 32 | (-1.3464049928647155, array([ 1.05467406,  0.75166756,  1.48314817,  1.01777192,  0.35252029,
        2.25398379,  9.73122202, 45.07814924,  0.24975343,  2.84614249]))
Max no. 33 | (-1.39472225174512, array([ 1.18221894,  0.86969432,  0.48904913,  1.48999998,  0.22764566,
        2.70233029,  2.31216168, 50.        ,  0.14188376,  2.29270473]))
Max no. 34 | (-1.9470905477914264, array([1.35281911e+00, 1.61664587e+00, 1.15793035e-04, 8.87377814e-05,
       1.59127264e-05, 5.03023683e+00, 3.92338676e+00, 4.27041197e+01,
       1.37041468e-02, 4.89723712e+00]))
Max no. 35 | (-2.2990248881878954, array([1.05200000e+00, 1.36972222e+00, 4.87565189e-01, 1.49000000e+00,
       2.35370314e-01, 7.20312500e+00, 2.25000000e+00, 5.00000000e+01,
       1.00000000e-02, 2.25000000e+00]))
------------------------------------------------------------------------------------------------------------------------------------
