
------------------------------------------------------------------------------------------------------------------------------------
All maxima | (local maximum, local maximiser)
Max no. 0 | (2.555410051548766e-07, array([1.29267843e+00, 1.01209129e+00, 5.56208072e-03, 1.17958400e-02,
       4.87677987e-01, 8.59682456e+00, 2.25491396e+00, 5.00000000e+01,
       1.00000000e-02, 2.62181178e+00]))
Max no. 1 | (3.384263632830687e-08, array([ 1.35471471,  0.60785936,  0.39246154,  0.6849865 ,  0.71777795,
       11.40739018, 12.01526473, 49.48500825,  0.63107305,  3.5002468 ]))
Max no. 2 | (-1.4319706286659114e-06, array([1.21000000e+00, 1.76136708e+00, 9.95971377e-02, 7.20287446e-02,
       3.57707483e-01, 2.30216437e+00, 2.28996939e+00, 4.91330946e+01,
       1.00000000e-02, 2.25000000e+00]))
Max no. 3 | (-1.4182121552573636e-05, array([ 1.44823573,  0.2039158 ,  0.96773415,  0.38955269,  0.33298181,
        3.78916734,  7.93191457, 41.41748092,  0.55443015,  4.04790479]))
Max no. 4 | (-0.055295195781333975, array([ 1.40813352,  0.40448869,  0.31873345,  0.08297893,  0.65921638,
        6.58480178, 10.49275116, 13.66355609,  0.82720205, 10.32069795]))
Max no. 5 | (-0.5839597408107989, array([ 1.26581221,  0.25729685,  0.71875407,  1.49      ,  0.13498861,
        2.25      ,  2.25935746, 50.        ,  0.08373851,  2.25924444]))
Max no. 6 | (-0.9363026387719995, array([1.21656238e+00, 2.20267461e+00, 8.90873205e-05, 1.07656397e-04,
       8.49386063e-06, 2.25012163e+00, 2.25012163e+00, 5.00000000e+01,
       1.00000026e-02, 2.25000000e+00]))
Max no. 7 | (-1.237660629116041, array([ 1.27345684,  0.05393228,  1.11179035,  1.35599137,  0.05535811,
        5.1398167 ,  2.36426987, 50.        ,  0.61193287,  2.37277628]))
------------------------------------------------------------------------------------------------------------------------------------

------------------------------------------------------------------------------------------------------------------------------------
All maxima | (local maximum, local maximiser)
Max no. 0 | (2.514081668334989e-06, array([1.43115932e+00, 7.54432448e-01, 9.82004925e-02, 2.37875549e-02,
       4.79047900e-01, 3.97042601e+00, 4.80262148e+00, 5.00000000e+01,
       1.00000990e-02, 5.64037020e+00]))
Max no. 1 | (2.555410051548766e-07, array([1.29267843e+00, 1.01209129e+00, 5.56208072e-03, 1.17958400e-02,
       4.87677987e-01, 8.59682456e+00, 2.25491396e+00, 5.00000000e+01,
       1.00000000e-02, 2.62181178e+00]))
Max no. 2 | (3.384263632830687e-08, array([ 1.35471471,  0.60785936,  0.39246154,  0.6849865 ,  0.71777795,
       11.40739018, 12.01526473, 49.48500825,  0.63107305,  3.5002468 ]))
Max no. 3 | (-1.4319706286659114e-06, array([1.21000000e+00, 1.76136708e+00, 9.95971377e-02, 7.20287446e-02,
       3.57707483e-01, 2.30216437e+00, 2.28996939e+00, 4.91330946e+01,
       1.00000000e-02, 2.25000000e+00]))
Max no. 4 | (-9.652103076950377e-06, array([1.21000000e+00, 8.93584564e-01, 1.56897348e-05, 3.07981788e-02,
       7.45000000e-01, 5.89588701e+00, 8.48487414e+00, 5.00000000e+01,
       1.00000000e-02, 4.26521288e+00]))
Max no. 5 | (-1.4182121552573636e-05, array([ 1.44823573,  0.2039158 ,  0.96773415,  0.38955269,  0.33298181,
        3.78916734,  7.93191457, 41.41748092,  0.55443015,  4.04790479]))
Max no. 6 | (-7.219879267094053e-05, array([ 1.28891767,  1.32575874,  0.22538967,  0.07564105,  0.34874865,
        2.83412823,  3.72442453, 25.05601036,  2.19585663,  3.87935458]))
Max no. 7 | (-0.055295195781333975, array([ 1.40813352,  0.40448869,  0.31873345,  0.08297893,  0.65921638,
        6.58480178, 10.49275116, 13.66355609,  0.82720205, 10.32069795]))
Max no. 8 | (-0.5839597408107989, array([ 1.26581221,  0.25729685,  0.71875407,  1.49      ,  0.13498861,
        2.25      ,  2.25935746, 50.        ,  0.08373851,  2.25924444]))
Max no. 9 | (-0.9363026387719995, array([1.21656238e+00, 2.20267461e+00, 8.90873205e-05, 1.07656397e-04,
       8.49386063e-06, 2.25012163e+00, 2.25012163e+00, 5.00000000e+01,
       1.00000026e-02, 2.25000000e+00]))
Max no. 10 | (-1.0653598509866558, array([1.21000000e+00, 1.98777778e+00, 0.00000000e+00, 0.00000000e+00,
       0.00000000e+00, 2.25000000e+00, 2.25000000e+00, 5.00000000e+01,
       1.00000000e-02, 2.25000000e+00]))
Max no. 11 | (-1.237660629116041, array([ 1.27345684,  0.05393228,  1.11179035,  1.35599137,  0.05535811,
        5.1398167 ,  2.36426987, 50.        ,  0.61193287,  2.37277628]))
------------------------------------------------------------------------------------------------------------------------------------
