
------------------------------------------------------------------------------------------------------------------------------------
All maxima | (local maximum, local maximiser)
Max no. 0 | (np.float64(3.488992291312429e-05), array([ 1.34200023,  0.56606919,  0.30138961,  0.46084925,  0.973     ,
        3.53571881,  2.2500277 , 50.        ]))
Max no. 1 | (np.float64(1.9031431966112166e-05), array([ 1.34323423,  0.51053141,  0.05871521,  0.86708376,  0.93851591,
       11.21256004,  2.51769779, 50.        ]))
Max no. 2 | (np.float64(1.12362716129653e-05), array([ 1.35526841,  0.52715962,  0.11764076,  0.96278396,  0.96849024,
        6.25653503,  2.44212662, 50.        ]))
Max no. 3 | (np.float64(8.988019024464193e-06), array([ 1.4120605 ,  0.48257238,  0.17048285,  0.83974765,  0.96572028,
        5.94136594,  2.4314135 , 50.        ]))
Max no. 4 | (np.float64(-0.17626649972775446), array([1.59663889e+00, 7.15954476e-01, 1.98567123e-02, 2.39729195e-02,
       4.21485738e-01, 1.17781884e+01, 1.22500000e+01, 4.89840518e+01]))
Max no. 5 | (np.float64(-0.288183907681519), array([1.78834347e+00, 7.54090358e-01, 2.23569375e-02, 2.19530953e-01,
       4.69807388e-01, 9.07095115e+00, 3.14053448e+00, 4.76209035e+01]))
Max no. 6 | (np.float64(-0.33966361270463485), array([ 1.342     ,  0.5918    ,  0.29640835,  0.51373306,  0.973     ,
        3.66802258,  2.25      , 50.        ]))
Max no. 7 | (np.float64(-0.5578337173536825), array([ 1.90081981,  0.26668102,  0.52581978,  0.35107482,  0.3832048 ,
        3.92298873,  7.77168269, 50.        ]))
Max no. 8 | (np.float64(-1.162471619620022), array([1.46902041e+00, 9.60934346e-01, 5.13136487e-02, 2.81580783e-02,
       9.73000000e-01, 1.22499936e+01, 4.50172032e+00, 5.00000000e+01]))
Max no. 9 | (np.float64(-1.1899841769714075), array([ 1.50020301,  0.34238973,  0.25995793,  0.81509106,  0.07020745,
        4.20069436,  5.24356303, 50.        ]))
Max no. 10 | (np.float64(-1.26535967107923), array([1.73390717e+00, 9.00984214e-01, 2.63991743e-02, 1.45654491e-01,
       6.95511297e-01, 5.28965641e+00, 6.69491015e+00, 5.00000000e+01]))
Max no. 11 | (np.float64(-1.5462970422373898), array([ 1.42238512,  0.72108889,  0.39753694,  0.07223086,  0.87624163,
        2.28641487,  3.83986147, 50.        ]))
Max no. 12 | (np.float64(-2.368859207577509), array([ 1.34423307,  0.39786823,  0.08168035,  0.40195772,  0.94966474,
        6.75175756,  7.0760983 , 50.        ]))
Max no. 13 | (np.float64(-2.614543216857377), array([ 1.342     ,  0.430413  ,  0.33232531,  0.15786597,  0.97247362,
        5.97257627,  5.33046764, 50.        ]))
Max no. 14 | (np.float64(-2.979158021149841), array([ 1.342     ,  0.62412222,  0.31646597,  0.54170211,  0.96994681,
        3.32991495,  2.25      , 50.        ]))
Max no. 15 | (np.float64(-3.300237920811037), array([ 1.34425506,  0.36556058,  0.51730067,  1.19606337,  0.63399213,
        4.2541432 ,  2.25      , 50.        ]))
Max no. 16 | (np.float64(-3.444695117131148), array([ 1.342     ,  0.32016783,  0.10737731,  0.4263778 ,  0.89864059,
        7.03263919,  7.91173316, 50.        ]))
Max no. 17 | (np.float64(-3.7530453587469843), array([ 1.66284382,  0.93622058,  0.21577644,  0.09744066,  0.96650168,
        5.33012291,  2.31057669, 50.        ]))
Max no. 18 | (np.float64(-4.72713349616139), array([ 1.34200145,  1.14243115,  0.37594681,  0.37648152,  0.81865228,
        2.31292312,  3.35212595, 50.        ]))
Max no. 19 | (np.float64(-4.990020124627627), array([ 1.342     ,  0.07464646,  0.94799787,  0.2345644 ,  0.26142638,
       10.15947764,  9.16784581, 50.        ]))
Max no. 20 | (np.float64(-5.018637443012253), array([ 1.34240061,  0.06784417,  0.85369862,  0.32896715,  0.38719904,
       12.23433754, 11.85904362, 50.        ]))
Max no. 21 | (np.float64(-5.112551667644132), array([ 1.342     ,  0.12566364,  0.20938027,  0.18040215,  0.77636966,
       11.39249887,  7.49815426, 50.        ]))
Max no. 22 | (np.float64(-5.153130821196499), array([1.54440937e+00, 1.27561452e+00, 2.52158497e-02, 1.10306146e+00,
       2.04055431e-01, 6.70914264e+00, 2.35100060e+00, 5.00000000e+01]))
Max no. 23 | (np.float64(-5.154429172943272), array([ 1.342     ,  0.15717964,  0.15487363,  0.12249444,  0.77776033,
       12.25      ,  7.28137693, 50.        ]))
Max no. 24 | (np.float64(-5.4031558318591895), array([ 1.342     ,  0.83862825,  0.41181246,  0.12780861,  0.10797583,
        2.25      ,  9.69779199, 50.        ]))
Max no. 25 | (np.float64(-5.499544585612527), array([1.88089402e+00, 1.70513512e+00, 2.18568918e-02, 1.95163035e-02,
       5.51992535e-01, 4.77741967e+00, 8.74164742e+00, 5.00000000e+01]))
Max no. 26 | (np.float64(-5.709194126730129), array([ 1.3420006 ,  1.19378575,  0.15388665,  0.41607251,  0.81087984,
        2.79722787,  2.80794887, 50.        ]))
Max no. 27 | (np.float64(-5.745934270939445), array([ 1.34926249,  0.87770707,  0.4592754 ,  0.12912436,  0.10965624,
        2.25      ,  4.37637439, 50.        ]))
Max no. 28 | (np.float64(-5.779957949448317), array([ 1.37337034,  2.24023333,  0.05734143,  0.94548656,  0.12436882,
        5.66866598,  2.43554673, 50.        ]))
Max no. 29 | (np.float64(-5.8969266109288165), array([ 1.34690888,  1.06659702,  0.15872784,  1.43846763,  0.05839141,
        2.32366177,  2.25094404, 41.48431686]))
Max no. 30 | (np.float64(-6.007942347285086), array([ 1.342     ,  0.21360304,  0.13624144,  0.09481589,  0.9034772 ,
       12.25      ,  7.31393915, 50.        ]))
Max no. 31 | (np.float64(-6.188450140449405), array([ 1.34601539,  1.49717934,  0.58552507,  0.50183713,  0.93098995,
        2.52085852,  3.1008937 , 50.        ]))
Max no. 32 | (np.float64(-6.510259440611537), array([ 1.54396101,  1.97064485,  0.25369021,  0.40120592,  0.97248198,
        2.2608856 ,  3.28697659, 50.        ]))
Max no. 33 | (np.float64(-6.516325293018207), array([ 1.63642216,  0.27491022,  0.46502339,  0.16248821,  0.90470738,
        6.43704574,  3.55380372, 50.        ]))
Max no. 34 | (np.float64(-6.633955731626479), array([ 1.342     ,  0.1716654 ,  0.24162247,  0.27508917,  0.83522883,
        6.48024449,  2.84101123, 50.        ]))
Max no. 35 | (np.float64(-6.664962405954426), array([ 1.35659746,  1.09198209,  0.07552122,  1.11306692,  0.10739395,
        3.50884487,  2.41744506, 50.        ]))
Max no. 36 | (np.float64(-6.732573289484908), array([1.94079202e+00, 1.63435185e+00, 1.94710920e-02, 2.76121000e-02,
       6.40687244e-01, 2.82288708e+00, 7.57392034e+00, 5.00000000e+01]))
Max no. 37 | (np.float64(-6.787698128397418), array([ 1.34262523,  1.3823188 ,  0.75231251,  0.25709326,  0.97098177,
        2.89705636,  6.31815136, 48.28869847]))
Max no. 38 | (np.float64(-6.922956279134679), array([ 1.41944156,  2.82203368,  0.14403092,  0.55541574,  0.8727294 ,
        2.56846629,  2.25045683, 50.        ]))
Max no. 39 | (np.float64(-7.2298191286111475), array([1.41259830e+00, 2.50571601e+00, 1.61508782e-01, 2.34706572e-02,
       3.54110892e-01, 2.95362082e+00, 5.80613962e+00, 5.00000000e+01]))
Max no. 40 | (np.float64(-7.2927516526018135), array([1.94480789e+00, 2.42263668e+00, 2.09293975e-02, 5.52035206e-01,
       7.73347306e-01, 9.19645283e+00, 2.33777701e+00, 5.00000000e+01]))
Max no. 41 | (np.float64(-7.481643041090619), array([1.52020734e+00, 1.11877512e+00, 1.60308408e-01, 2.61719613e-02,
       9.73000000e-01, 2.52981409e+00, 4.13930136e+00, 4.79226102e+01]))
Max no. 42 | (np.float64(-7.53829512506554), array([ 1.51032651,  2.02160672,  0.14752735,  0.4293021 ,  0.96459088,
        3.05989966,  3.30927722, 50.        ]))
Max no. 43 | (np.float64(-8.012352022323267), array([ 1.3966501 ,  1.24488522,  0.76605479,  0.15295407,  0.9727409 ,
        2.30436558,  5.76867678, 50.        ]))
Max no. 44 | (np.float64(-8.074363929923434), array([ 1.34980679,  1.41879558,  0.11496708,  0.36292897,  0.9318402 ,
        4.43182077,  2.37338913, 50.        ]))
Max no. 45 | (np.float64(-8.322624323756687), array([1.58982239e+00, 1.60139449e+00, 3.45465808e-02, 1.37729837e+00,
       1.91834331e-01, 6.12590037e+00, 2.25000000e+00, 5.00000000e+01]))
Max no. 46 | (np.float64(-8.328641020948183), array([1.83792746e+00, 2.05619639e+00, 1.99116822e-01, 1.94605061e-02,
       6.68499294e-01, 2.27406302e+00, 7.72718646e+00, 5.00000000e+01]))
Max no. 47 | (np.float64(-8.587604442830399), array([ 1.54474046,  1.2234942 ,  0.18218682,  1.27044207,  0.1265838 ,
        2.29230563,  3.03230259, 50.        ]))
Max no. 48 | (np.float64(-8.697943977862803), array([1.41757274e+00, 1.35514965e+00, 3.88223682e-01, 3.74435632e-02,
       8.38054352e-01, 3.40449937e+00, 6.07338808e+00, 5.00000000e+01]))
Max no. 49 | (np.float64(-9.201857137321246), array([ 1.34205426,  2.90431473,  0.36812261,  0.10079748,  0.97299271,
        4.78530339,  5.59358584, 50.        ]))
Max no. 50 | (np.float64(-9.209183941162683), array([ 1.35226692,  0.9947703 ,  0.94827914,  1.33746795,  0.96034397,
        3.06800887,  2.31694455, 50.        ]))
Max no. 51 | (np.float64(-9.329730374394662), array([1.46793072e+00, 1.65955277e+00, 3.38702179e-02, 1.18097860e+00,
       2.42708271e-01, 6.05922656e+00, 2.25016688e+00, 5.00000000e+01]))
Max no. 52 | (np.float64(-9.400960861153399), array([ 1.342     ,  1.3224286 ,  0.59908336,  1.52241571,  0.93984438,
        4.79627136,  7.0991972 , 50.        ]))
Max no. 53 | (np.float64(-9.507513529758684), array([1.38574339e+00, 2.14326332e+00, 1.94600000e-02, 1.94600000e-02,
       9.72289251e-01, 1.00353801e+01, 1.22166610e+01, 5.00000000e+01]))
Max no. 54 | (np.float64(-9.688217316231661), array([1.71404535e+00, 2.38313046e+00, 4.22592847e-02, 3.38744455e-01,
       3.27263562e-01, 4.35884446e+00, 2.25000000e+00, 5.00000000e+01]))
Max no. 55 | (np.float64(-9.747084156052319), array([1.34710595e+00, 6.65998591e-01, 1.94600000e-02, 4.48335899e-01,
       7.03455886e-01, 2.45285446e+00, 2.84585727e+00, 5.00000000e+01]))
Max no. 56 | (np.float64(-10.104993632000559), array([1.38392911e+00, 2.11094435e+00, 2.02489070e-02, 1.94600000e-02,
       9.73000000e-01, 6.92995815e+00, 1.22489704e+01, 5.00000000e+01]))
Max no. 57 | (np.float64(-10.479962477531103), array([ 1.66333039,  1.77160409,  0.40594427,  0.67273971,  0.64768114,
        3.0330204 ,  2.27012904, 50.        ]))
Max no. 58 | (np.float64(-10.865617462220651), array([1.40969490e+00, 1.58205185e+00, 2.12538983e-02, 6.87846400e-02,
       9.73000000e-01, 7.34935714e+00, 7.85553065e+00, 5.00000000e+01]))
Max no. 59 | (np.float64(-10.907204128405457), array([ 1.37123241,  2.30574665,  0.53583001,  0.896776  ,  0.54739105,
        2.82110075,  3.39164474, 50.        ]))
Max no. 60 | (np.float64(-10.930898865704116), array([1.56850019e+00, 1.79024118e+00, 2.02095002e-02, 1.22075379e+00,
       2.60104727e-01, 1.11966759e+01, 2.25000000e+00, 5.00000000e+01]))
Max no. 61 | (np.float64(-11.156813456455396), array([1.47517646e+00, 2.78233338e+00, 3.53051805e-02, 3.80785425e-02,
       3.93151959e-01, 7.94641425e+00, 1.11755187e+01, 4.99226352e+01]))
Max no. 62 | (np.float64(-11.774248422012917), array([1.40515892e+00, 2.44412122e+00, 4.51451305e-02, 9.07612389e-01,
       1.09276982e-01, 5.68300829e+00, 2.56757790e+00, 5.00000000e+01]))
Max no. 63 | (np.float64(-11.848440839135598), array([ 1.66586915,  1.73106566,  1.11455717,  0.97746247,  0.96533494,
        2.49245799,  2.2768622 , 50.        ]))
Max no. 64 | (np.float64(-11.996204083882464), array([1.59304825e+00, 1.82396442e+00, 2.20856774e-02, 1.23445727e+00,
       2.67090019e-01, 8.11294093e+00, 2.25000000e+00, 4.43751101e+01]))
Max no. 65 | (np.float64(-12.051254151850078), array([ 1.70194172,  1.92243876,  0.42087737,  0.08717028,  0.94264504,
        2.66150517,  2.98260643, 50.        ]))
Max no. 66 | (np.float64(-12.105443134181247), array([1.94580229e+00, 1.88468891e+00, 1.94600000e-02, 7.50250634e-02,
       6.31740695e-01, 6.05875538e+00, 3.22301823e+00, 5.00000000e+01]))
Max no. 67 | (np.float64(-12.278756385310997), array([1.73773954e+00, 8.07847895e-01, 1.45105494e-01, 1.94623107e-02,
       9.72999152e-01, 2.77196036e+00, 4.43033035e+00, 4.99324471e+01]))
Max no. 68 | (np.float64(-12.484075560555752), array([ 1.56232566,  1.98165821,  0.48713751,  0.28365222,  0.97138446,
        3.31638461,  4.64470569, 50.        ]))
Max no. 69 | (np.float64(-12.652123044185972), array([ 1.50776485,  1.03298   ,  0.06878644,  0.23115041,  0.4691532 ,
        2.25015659,  4.85511442, 26.41134219]))
Max no. 70 | (np.float64(-12.714509883128995), array([ 1.37194145,  1.4645    ,  0.68079327,  0.08161414,  0.96972991,
        2.25      ,  5.01300421, 50.        ]))
Max no. 71 | (np.float64(-13.078645184017237), array([ 1.38335633,  2.69274443,  0.06625231,  0.31846935,  0.34047145,
        2.40992233,  2.63931229, 47.7480509 ]))
Max no. 72 | (np.float64(-13.396886959304544), array([1.71490518e+00, 2.54373130e+00, 3.52841210e-02, 2.71082027e-01,
       8.03166485e-01, 6.25067000e+00, 3.04554917e+00, 5.00000000e+01]))
Max no. 73 | (np.float64(-13.544169754523033), array([1.60958102e+00, 1.85625940e+00, 1.94600000e-02, 1.21911106e+00,
       2.59588223e-01, 8.04019490e+00, 2.27682656e+00, 4.40889052e+01]))
Max no. 74 | (np.float64(-13.687750299406687), array([ 1.56692556,  2.2823407 ,  0.63661517,  0.42981824,  0.97299836,
        2.25381688,  3.88152117, 50.        ]))
Max no. 75 | (np.float64(-13.68973060503256), array([1.52365754e+00, 1.43525830e+00, 2.27161856e-02, 1.05442851e+00,
       1.80332237e-01, 7.71081217e+00, 2.29097309e+00, 4.42340665e+01]))
Max no. 76 | (np.float64(-13.789915785319678), array([ 1.50387254,  2.69274445,  1.28972022,  0.40427816,  0.45523603,
        2.44589356,  2.26865268, 50.        ]))
Max no. 77 | (np.float64(-13.943778388918695), array([1.54601676e+00, 2.59597973e+00, 2.43243912e-02, 4.33782771e-02,
       8.75402001e-01, 2.32812886e+00, 6.28508565e+00, 5.00000000e+01]))
Max no. 78 | (np.float64(-14.332924166695015), array([ 1.34714823,  2.22229818,  0.83170583,  0.84369363,  0.67282488,
        2.88582454,  3.89031625, 50.        ]))
Max no. 79 | (np.float64(-14.390825444890144), array([1.94597875e+00, 2.46714525e+00, 2.01051792e-02, 4.09973739e-02,
       6.46470874e-01, 9.78334726e+00, 2.63730500e+00, 5.00000000e+01]))
Max no. 80 | (np.float64(-14.397224530402953), array([1.38504114e+00, 2.17559377e+00, 2.04758719e-02, 1.82417857e-01,
       8.13749273e-01, 3.70799912e+00, 2.51279458e+00, 5.00000000e+01]))
Max no. 81 | (np.float64(-15.295889688929902), array([1.51387509e+00, 2.79663935e+00, 2.72474031e-02, 1.94647915e-02,
       7.19996732e-01, 6.59439046e+00, 2.82012924e+00, 5.00000000e+01]))
Max no. 82 | (np.float64(-15.315734388766149), array([ 1.36107579,  2.75021178,  0.09919712,  0.2616582 ,  0.92162623,
        6.90433347,  4.06901615, 50.        ]))
Max no. 83 | (np.float64(-15.667951800323845), array([1.58832858e+00, 1.54974546e+00, 2.08734016e-02, 2.13171617e-02,
       3.99441417e-01, 6.51401508e+00, 8.69635259e+00, 5.00000000e+01]))
Max no. 84 | (np.float64(-15.909350251525808), array([ 1.35341948,  2.16226414,  1.22097162,  0.94716582,  0.64499096,
        7.07447897,  2.38782867, 50.        ]))
Max no. 85 | (np.float64(-17.078738610840112), array([ 1.50317257,  2.58441801,  0.33452859,  0.12952856,  0.4822623 ,
        3.43818958,  3.72168659, 25.15257517]))
Max no. 86 | (np.float64(-17.59021059360092), array([1.58575947e+00, 2.34542567e+00, 3.46409200e-02, 9.67058628e-01,
       6.42223223e-02, 3.04928960e+00, 2.25000000e+00, 5.00000000e+01]))
Max no. 87 | (np.float64(-20.31199621311108), array([1.45675824e+00, 2.86942434e+00, 1.94600000e-02, 1.94600000e-02,
       9.73000000e-01, 6.48939334e+00, 2.25000000e+00, 5.00000000e+01]))
Max no. 88 | (np.float64(-20.394397296839955), array([1.87719125e+00, 2.65956694e+00, 1.94600000e+00, 1.94600000e-02,
       1.64847484e-01, 9.51503789e+00, 9.28910840e+00, 5.00000000e+01]))
Max no. 89 | (np.float64(-32.4569198912399), array([1.34200000e+00, 4.23222222e-02, 7.34911562e-01, 6.80588834e-01,
       5.83800000e-02, 1.22500000e+01, 1.22500000e+01, 5.00000000e+01]))
------------------------------------------------------------------------------------------------------------------------------------
