
------------------------------------------------------------------------------------------------------------------------------------
All maxima | (local maximum, local maximiser)
Max no. 0 | (np.float64(0.00010711587888859642), array([ 1.34234198,  2.11860854,  0.83070894,  0.25351647,  0.49825865,
        4.19353354, 11.3222786 , 18.93062432,  0.09662624,  2.59180861]))
Max no. 1 | (np.float64(7.151091749393364e-05), array([1.56365282, 1.10854219, 0.81551375, 0.6662478 , 0.37512297,
       4.85294826, 4.07434308, 8.69437827, 0.04155478, 3.93045158]))
Max no. 2 | (np.float64(5.7426344658261406e-05), array([ 1.47981683,  1.29806089,  1.15375456,  0.46154544,  0.39163245,
        2.28912241,  5.13878999, 32.01654349,  0.82538431,  3.36369369]))
Max no. 3 | (np.float64(5.52727592494157e-05), array([ 1.50287481,  0.40597605,  0.39398117,  1.10910875,  0.17362978,
        3.02109436, 11.96845872,  9.67602171,  1.16988823,  3.46555273]))
Max no. 4 | (np.float64(5.3845375214929165e-05), array([ 1.3886276 ,  0.69085278,  0.80425876,  0.43184712,  0.22785321,
       10.10230754,  5.88288325, 15.37097421,  0.8426746 ,  3.85029628]))
Max no. 5 | (np.float64(5.353089704895381e-05), array([ 1.51644665,  0.38259413,  0.68432279,  0.66879379,  0.34713041,
        3.3972754 ,  5.63034169, 17.03886056,  1.00987227,  8.13470652]))
Max no. 6 | (np.float64(4.408250403661323e-05), array([ 1.39048155,  1.13044674,  0.95783742,  0.96423868,  0.34729901,
        6.39320268,  2.58098207, 18.27070679,  0.44099878,  3.32706765]))
Max no. 7 | (np.float64(4.349353157865338e-05), array([ 1.5442542 ,  0.63937044,  0.79580768,  0.84844665,  0.44027287,
        2.95012415,  3.14535556, 18.50267633,  0.59149189, 10.15263463]))
Max no. 8 | (np.float64(4.212571660100996e-05), array([ 1.49527829,  0.25906525,  0.1501411 ,  1.24762512,  0.15253964,
        6.29558168,  5.44741721, 34.79841584,  0.09027088,  9.305113  ]))
Max no. 9 | (np.float64(4.192237924530803e-05), array([ 1.44431339,  0.48663844,  0.14404569,  0.33780423,  0.63984876,
        8.71320969, 12.16222011, 15.58829417,  1.22144936,  3.44588707]))
Max no. 10 | (np.float64(4.1704964542080117e-05), array([1.34194975e+00, 1.36035508e+00, 1.90942011e-01, 1.18894551e+00,
       1.58856084e-01, 2.25008069e+00, 4.79128356e+00, 4.99999970e+01,
       1.00258430e-02, 3.55091389e+00]))
Max no. 11 | (np.float64(4.163165500796869e-05), array([ 1.28989294,  0.73595391,  0.67781492,  0.85293057,  0.32249433,
        3.86189522,  9.79000494, 27.39489694,  1.03582971,  2.26501755]))
Max no. 12 | (np.float64(4.099671656745089e-05), array([ 1.28920262,  0.81441986,  0.15208195,  1.53645698,  0.08908085,
        4.01647048,  3.56552538, 19.62748341,  0.43133676,  4.15006843]))
Max no. 13 | (np.float64(4.02894588156776e-05), array([ 1.43720908,  0.1974061 ,  0.64397549,  0.41734985,  0.42280991,
        7.64170476,  8.61845941, 35.01029762,  2.1358    ,  7.07684729]))
Max no. 14 | (np.float64(3.9712597903335805e-05), array([ 1.45137575,  0.56772426,  0.28811202,  0.60879187,  0.14523109,
        4.50465393, 10.38611261, 17.53739363,  0.76721781,  2.8381117 ]))
Max no. 15 | (np.float64(3.9561927473968736e-05), array([ 1.31251837,  1.42872819,  0.496369  ,  0.77208927,  0.3372115 ,
        8.25467272,  2.3123521 , 38.39870832,  1.29594786,  9.19322803]))
Max no. 16 | (np.float64(3.92611911732353e-05), array([ 1.32034808,  0.87288661,  0.6165341 ,  0.93738044,  0.56576578,
        4.34248895, 10.59760191, 22.00614466,  0.42616827,  5.0424112 ]))
Max no. 17 | (np.float64(3.923708341218509e-05), array([ 1.13759032,  0.52459346,  0.07628764,  0.4369492 ,  0.16109678,
        9.72043228,  7.43265301, 38.35588368,  1.69170793,  4.40306119]))
Max no. 18 | (np.float64(3.9175711524620015e-05), array([ 1.25575374,  0.78778195,  0.1721592 ,  1.52223872,  0.08240402,
        3.96543962,  3.80857294, 19.82407856,  0.43904546,  4.16475474]))
Max no. 19 | (np.float64(3.8965459260855335e-05), array([ 1.13987432,  0.71420063,  0.29887972,  0.64058412,  0.14722973,
       11.6981996 ,  2.66460316, 24.57748321,  1.42329265,  4.86353994]))
Max no. 20 | (np.float64(3.77824575993148e-05), array([ 1.54445903,  0.61273243,  0.79331366,  0.85350635,  0.44038272,
        2.92460586,  3.19578485, 18.49147285,  0.60531984, 10.16317719]))
Max no. 21 | (np.float64(3.730984812184652e-05), array([ 1.1495142 ,  0.43522014,  0.11703796,  0.37343625,  0.50384059,
        6.89217923,  9.81246116, 48.30844936,  1.52301408,  2.45612753]))
Max no. 22 | (np.float64(3.695320503840238e-05), array([ 1.45879954,  0.67295456,  0.68024068,  0.10926824,  0.28683235,
        2.44504567,  7.28924204, 38.57431392,  0.50637952,  5.88295249]))
Max no. 23 | (np.float64(3.691396605722824e-05), array([ 1.41398936,  1.51821903,  0.27686233,  0.25235817,  0.796594  ,
        2.48573448,  6.54796448, 46.13288884,  1.11565355,  9.35997551]))
Max no. 24 | (np.float64(3.655406497732769e-05), array([ 1.25259785,  0.3021292 ,  0.38281073,  0.48885416,  0.28265592,
        8.54579846,  8.59724602, 41.53827256,  0.79592408,  4.23559912]))
Max no. 25 | (np.float64(3.633160249083216e-05), array([ 1.49870253,  0.8966382 ,  0.444968  ,  1.04848476,  0.69583929,
        8.88517878,  6.16471746, 26.23125348,  0.48974481,  4.02017306]))
Max no. 26 | (np.float64(3.596390677142442e-05), array([ 1.37507211,  1.88438849,  0.14071495,  0.46330049,  0.47735561,
        8.41384812,  2.91280982, 36.82714688,  0.19961219, 10.1136126 ]))
Max no. 27 | (np.float64(3.58353550209435e-05), array([ 1.15486923,  2.20185534,  0.25038939,  0.06020892,  0.40652457,
       10.4510852 , 10.0728004 , 47.05590447,  0.41796892, 11.35160496]))
Max no. 28 | (np.float64(3.572074535272811e-05), array([ 1.13991508,  1.9841277 ,  0.16891464,  0.58387908,  0.80249998,
        6.80954037,  2.25000089, 34.02819142,  0.44536757,  6.93490525]))
Max no. 29 | (np.float64(3.518683218275789e-05), array([ 1.17424411,  1.9551464 ,  0.15537251,  0.28768388,  0.80249993,
        6.93789283,  2.250008  , 37.92045107,  0.44928762,  7.63947278]))
Max no. 30 | (np.float64(3.5011445429791786e-05), array([ 1.58423912,  1.21239286,  0.2988817 ,  1.31542574,  0.10483621,
        9.95314716,  9.8526156 , 27.32523925,  2.30627326,  3.39149812]))
Max no. 31 | (np.float64(3.499859263341671e-05), array([ 1.4153506 ,  1.04654194,  0.13265736,  0.93078926,  0.09845806,
        3.20820945,  4.91994591, 29.11244871,  1.38055869,  7.9674242 ]))
Max no. 32 | (np.float64(3.498768793941844e-05), array([ 1.57478312,  0.18486972,  0.76388443,  0.28595646,  0.07322079,
       10.39440441,  7.66006733, 38.837916  ,  0.0611932 , 11.13664846]))
Max no. 33 | (np.float64(3.4376938056105955e-05), array([ 1.30756669,  0.3436565 ,  0.39296272,  0.34796954,  0.46710979,
        8.42474169,  3.39102554, 22.35095542,  0.99195339,  7.78185733]))
Max no. 34 | (np.float64(3.4235089823222706e-05), array([ 1.19909335,  0.49465318,  0.58120121,  0.61418529,  0.22490728,
        5.33986765,  2.62719456, 39.03645382,  1.78282012,  2.94813187]))
Max no. 35 | (np.float64(3.316173872307703e-05), array([ 1.31137551,  2.1504983 ,  0.19235835,  0.88906214,  0.04845042,
        6.86493649,  3.18323848, 45.17148897,  2.4075    ,  3.48809842]))
Max no. 36 | (np.float64(3.314748137374754e-05), array([ 1.30580102,  0.31702362,  0.3792097 ,  0.34810338,  0.46804004,
        8.4415227 ,  3.36326478, 22.31460389,  1.01695902,  7.77771309]))
Max no. 37 | (np.float64(3.264594638873903e-05), array([ 1.3026957 ,  1.56369088,  0.1821878 ,  0.20259193,  0.52251968,
        5.56001144,  4.13005306, 24.51172676,  1.53555153,  3.93506217]))
Max no. 38 | (np.float64(3.261135184043648e-05), array([ 1.40504053,  1.0731684 ,  0.10940655,  0.90259078,  0.08569279,
        3.17012434,  4.68604877, 29.08618008,  1.15478046,  7.30800481]))
Max no. 39 | (np.float64(3.2559327307447494e-05), array([ 1.5553139 ,  1.19605885,  0.52058679,  0.70327883,  0.29801639,
        9.69384234,  9.99574368, 30.66308159,  1.4937242 ,  4.72836359]))
Max no. 40 | (np.float64(3.241908901208135e-05), array([ 1.5285008 ,  2.39337413,  0.44318786,  0.10718949,  0.37008982,
        6.32553333, 12.23913145, 48.02250443,  0.21372438,  2.33834495]))
Max no. 41 | (np.float64(3.24118336049854e-05), array([ 1.30311569,  1.48377594,  0.21931076,  0.20804893,  0.52159799,
        5.60756196,  4.15948827, 24.5729451 ,  1.5556319 ,  4.0289517 ]))
Max no. 42 | (np.float64(3.154766143899571e-05), array([ 1.40033134,  0.86005112,  0.09685081,  0.89132781,  0.08061492,
        3.14846398,  4.55553462, 29.082015  ,  0.97433347,  6.89809025]))
Max no. 43 | (np.float64(3.144337102601244e-05), array([ 1.3127611 ,  1.40209053,  0.50400942,  0.77355222,  0.33686472,
        8.27430122,  2.33609687, 38.3984508 ,  1.3067146 ,  9.21188797]))
Max no. 44 | (np.float64(3.1300272683626996e-05), array([ 1.24298213,  0.57867469,  0.79239484,  0.98575099,  0.78989608,
        4.99299556,  7.6549002 , 20.64464351,  2.32325462,  2.49438273]))
Max no. 45 | (np.float64(3.1234632874021905e-05), array([ 1.27396488,  1.33489542,  0.56775902,  0.22451405,  0.3075962 ,
        5.30636393,  4.64300692, 43.10170863,  0.1082512 ,  7.81852709]))
Max no. 46 | (np.float64(3.090767476250132e-05), array([ 1.49876763,  1.38767801,  0.1122473 ,  0.31708387,  0.37081145,
       11.68359153, 10.35546997, 19.6777342 ,  0.35183156,  4.22265546]))
Max no. 47 | (np.float64(3.057926079185591e-05), array([ 1.44028751,  1.67467043,  0.27360697,  0.72679838,  0.400277  ,
        3.63673073,  4.34040171, 34.09173143,  1.71936224,  5.70762578]))
Max no. 48 | (np.float64(3.0487013372664817e-05), array([ 1.18882506,  1.60880564,  0.52004216,  1.07668552,  0.67687501,
        6.28313694,  2.25      , 49.99999999,  0.36304504,  3.02713361]))
Max no. 49 | (np.float64(3.043441896641744e-05), array([ 1.106     ,  2.26449448,  0.24008725,  0.62518435,  0.7773133 ,
       10.52999913,  5.51970762, 24.61740609,  1.77244049,  4.85885236]))
Max no. 50 | (np.float64(3.01218412449149e-05), array([ 1.28795478,  1.68825016,  0.23073846,  0.54219734,  0.801912  ,
        7.15398503,  6.85692682, 47.50955239,  2.4030579 ,  2.25      ]))
Max no. 51 | (np.float64(2.9763957131025745e-05), array([ 1.13939545,  0.23248048,  0.34874559,  0.32807022,  0.64513549,
        3.58210819,  8.89856425, 39.81325412,  0.96569187,  4.54233096]))
Max no. 52 | (np.float64(2.9676672924789972e-05), array([ 1.10857465,  0.99568842,  0.62961743,  1.01739474,  0.60495355,
        2.50920568,  3.12459519, 50.        ,  0.14124852,  2.73009505]))
Max no. 53 | (np.float64(2.9602976997536142e-05), array([ 1.4405969 ,  1.72794586,  0.27042254,  0.71615799,  0.40349974,
        3.60782839,  4.30536105, 34.09302559,  1.6991436 ,  5.63599877]))
Max no. 54 | (np.float64(2.9349086213354957e-05), array([ 1.38913361,  2.30254852,  0.959219  ,  0.96986586,  0.33570727,
        6.28089814,  2.61467114, 18.33017411,  0.44413469,  3.28335645]))
Max no. 55 | (np.float64(2.8364538898257895e-05), array([ 1.33794478,  2.35515878,  0.29519785,  0.29527046,  0.36343437,
        6.89798994,  8.30553866, 34.70707498,  1.87400809,  3.14886086]))
Max no. 56 | (np.float64(2.8233964991745107e-05), array([ 1.43480869,  1.2750804 ,  0.21284674,  0.69843798,  0.38560497,
        3.42089859,  4.04831134, 34.09460124,  1.66668281,  5.41131052]))
Max no. 57 | (np.float64(2.7853254988212005e-05), array([1.10616501e+00, 1.59205331e+00, 3.54114098e-01, 5.79085205e-02,
       6.94933261e-01, 5.35409742e+00, 1.04005640e+01, 3.24218929e+01,
       1.00000000e-02, 5.59550378e+00]))
Max no. 58 | (np.float64(2.774409046017618e-05), array([ 1.3718348 ,  2.02724756,  0.34102146,  0.80982151,  0.04815   ,
        3.18385097,  2.25      , 21.79510695,  2.39299586,  5.55610444]))
Max no. 59 | (np.float64(2.7650477588409102e-05), array([ 1.31226863,  0.97340477,  0.67807579,  0.55390633,  0.35551279,
        8.04936708,  4.2219527 , 50.        ,  1.17904407,  8.02753444]))
Max no. 60 | (np.float64(2.7056846888643194e-05), array([ 1.21836721,  2.33859579,  0.2652498 ,  0.21020068,  0.8016285 ,
        7.22203892,  6.39215376, 49.99999994,  0.05235233,  5.30051906]))
Max no. 61 | (np.float64(2.6309452346003118e-05), array([ 1.44029723,  1.64803157,  0.27372028,  0.72682094,  0.40026463,
        3.6370628 ,  4.34104183, 34.09179165,  1.71966413,  5.70874049]))
Max no. 62 | (np.float64(2.549410389230456e-05), array([1.21092677e+00, 2.29341197e+00, 7.55560838e-01, 1.60500111e-02,
       1.95345596e-01, 2.25000617e+00, 7.92952702e+00, 4.98667336e+01,
       3.47638595e-01, 4.98648939e+00]))
Max no. 63 | (np.float64(2.5241316429235835e-05), array([ 1.33058745,  0.94856802,  0.43158643,  0.80674845,  0.38944289,
        2.25      ,  5.30573131, 34.44825709,  0.11977709,  5.73091761]))
Max no. 64 | (np.float64(2.5135692817189166e-05), array([ 1.33285069,  1.09452014,  0.40996069,  0.96091553,  0.05625014,
        5.90391502,  7.24837099, 46.97104847,  0.77837202,  8.6449207 ]))
Max no. 65 | (np.float64(2.496344252337896e-05), array([1.36290091e+00, 2.09130867e+00, 3.74596006e-01, 3.74840131e-01,
       8.02500000e-01, 7.39816806e+00, 2.25046021e+00, 3.10095672e+01,
       1.01248958e-02, 3.64844695e+00]))
Max no. 66 | (np.float64(2.4903161009726285e-05), array([ 1.30286548,  1.53705321,  0.18358691,  0.20728304,  0.52252069,
        5.5698572 ,  4.15566419, 24.51359179,  1.55144804,  3.99577639]))
Max no. 67 | (np.float64(2.480376921413904e-05), array([ 1.27698148,  1.45281866,  0.25468527,  0.1597484 ,  0.48178225,
       11.92393487,  8.55644633, 37.60730031,  0.78908938,  7.43591913]))
Max no. 68 | (np.float64(2.383131139648118e-05), array([ 1.25132446,  2.2312733 ,  0.45106773,  0.41312618,  0.50568512,
        3.23845798,  4.34100278, 35.67376746,  0.28806874,  3.55608238]))
Max no. 69 | (np.float64(2.3654285367232426e-05), array([1.19197701e+00, 1.93649523e+00, 7.20486528e-01, 9.98458733e-01,
       6.23017337e-01, 7.89476792e+00, 2.25003424e+00, 4.99999973e+01,
       1.00047114e-02, 2.25000070e+00]))
Max no. 70 | (np.float64(2.3617536912746116e-05), array([ 1.35762253,  0.45760953,  0.56119544,  0.6114346 ,  0.44454424,
        6.72007891,  7.4843854 , 25.75393951,  0.41126046,  3.91754934]))
Max no. 71 | (np.float64(2.3345422146174612e-05), array([ 1.29323154,  1.86488874,  0.5017264 ,  0.30982587,  0.7414253 ,
        9.74201616,  5.74002191, 47.45214703,  0.71146329,  5.90439806]))
Max no. 72 | (np.float64(2.3016641508044525e-05), array([ 1.52947327,  1.78071125,  0.38461444,  0.13056156,  0.36735361,
        6.39127318, 12.25      , 48.14386349,  0.24192941,  2.32616541]))
Max no. 73 | (np.float64(2.2997607494863133e-05), array([ 1.34477326,  0.76114386,  0.15607651,  1.51503633,  0.07910617,
        3.91067508,  3.83223849, 21.61117911,  0.45503567,  4.18378647]))
Max no. 74 | (np.float64(2.2941844904117423e-05), array([ 1.41326941,  1.90921732,  0.08448453,  0.09077492,  0.66432312,
       10.27556508,  4.8843624 , 45.6934762 ,  1.73631378,  3.12341861]))
Max no. 75 | (np.float64(2.271571495771922e-05), array([ 1.40283598,  0.13515396,  0.3735797 ,  0.92279923,  0.33484836,
        7.93138783, 11.29499328, 40.9723722 ,  1.51828587,  2.25      ]))
Max no. 76 | (np.float64(2.2461262537221103e-05), array([ 1.25121383,  2.17799975,  0.45365353,  0.42260363,  0.50339941,
        3.28617009,  4.45713353, 35.67382687,  0.30509859,  3.55847603]))
Max no. 77 | (np.float64(2.19560510208777e-05), array([ 1.55880879,  0.15473194,  1.01123675,  0.5871139 ,  0.47689745,
        5.48099136,  8.04432753, 42.7004165 ,  1.10810337,  2.25003919]))
Max no. 78 | (np.float64(2.0983292849421676e-05), array([ 1.35615435,  0.94082117,  0.40228998,  0.20953504,  0.42514221,
        7.2493987 ,  7.25942618, 27.50953855,  1.21128815,  7.27328303]))
Max no. 79 | (np.float64(2.0951824940941722e-05), array([ 1.10600015,  1.75044303,  0.04910834,  0.24003589,  0.80249999,
        9.67423207,  2.25001782, 46.43513519,  0.07503422,  3.38336023]))
Max no. 80 | (np.float64(2.0371244573634625e-05), array([1.10600000e+00, 1.23557088e+00, 1.89253803e-01, 3.84510751e-01,
       6.14199710e-01, 2.25000000e+00, 2.58410986e+00, 5.00000000e+01,
       1.54854987e-02, 4.48931286e+00]))
Max no. 81 | (np.float64(1.9916551584825866e-05), array([ 1.28808823,  1.82688595,  0.37923437,  0.17225324,  0.16575455,
        2.86632062,  9.8780333 , 30.58419162,  0.27761057,  5.6025865 ]))
Max no. 82 | (np.float64(1.910378030977814e-05), array([ 1.25317173,  1.81119475,  0.07493774,  1.32250238,  0.1173578 ,
        4.88703838,  8.09014148, 28.46702883,  0.22070908,  4.45700521]))
Max no. 83 | (np.float64(1.883453761058121e-05), array([1.10600000e+00, 2.03455556e+00, 2.04546723e-01, 6.12451028e-02,
       4.77435219e-01, 6.32456115e+00, 2.25000000e+00, 4.87466562e+01,
       1.00000000e-02, 2.25000000e+00]))
Max no. 84 | (np.float64(1.5740683567542124e-05), array([1.35049865e+00, 1.15962499e+00, 4.85861475e-01, 4.44000134e-02,
       5.41881127e-01, 2.70935237e+00, 4.68601233e+00, 5.00000000e+01,
       4.14616310e-02, 2.28329906e+00]))
Max no. 85 | (np.float64(1.5136238375303141e-05), array([ 1.51630959,  2.07727143,  0.20544531,  1.06809778,  0.29124617,
        9.84768073,  4.14450192, 48.33007864,  0.82944291, 10.12109093]))
Max no. 86 | (np.float64(1.3957943286119852e-05), array([ 1.41142212,  0.10870524,  0.44397107,  1.00980271,  0.3208291 ,
        8.05501587, 11.57530963, 40.94748283,  1.68313077,  2.94763475]))
Max no. 87 | (np.float64(-3.176623740399781e-06), array([ 1.25683594,  0.08991642,  0.27807949,  0.63726201,  0.19166972,
       10.86818374,  4.93600946, 24.07674738,  1.79646386,  6.58874539]))
Max no. 88 | (np.float64(-0.06427849824605583), array([ 1.47245403,  0.06327604,  1.26375541,  0.57801082,  0.3140475 ,
        9.27609986, 11.52347826, 46.8729571 ,  0.89979349,  7.06499819]))
Max no. 89 | (np.float64(-0.1651262758344001), array([1.14629848e+00, 2.51932278e-02, 1.56404150e+00, 3.01098940e-01,
       8.02500000e-01, 2.26638152e+00, 5.82260804e+00, 5.00000000e+01,
       3.09265394e-01, 2.26460742e+00]))
------------------------------------------------------------------------------------------------------------------------------------
