
------------------------------------------------------------------------------------------------------------------------------------
All maxima | (local maximum, local maximiser)
Max no. 0 | (np.float64(4.1728033621418215e-05), array([  1.342     ,   0.60846472,   0.24619852,   0.3926159 ,
         0.97133326,   3.84532357,   2.25000256, 100.        ]))
Max no. 1 | (np.float64(4.149024949340764e-05), array([1.78123351e+00, 7.52518214e-01, 1.94600000e-02, 6.11314561e-02,
       5.01450357e-01, 9.24765123e+00, 7.54857083e+00, 9.72714445e+01]))
Max no. 2 | (np.float64(4.1468960077447424e-05), array([  1.342     ,   0.5918    ,   0.2541103 ,   0.44107858,
         0.973     ,   3.88411859,   2.25000752, 100.        ]))
Max no. 3 | (np.float64(4.1166635108619963e-05), array([  1.38311603,   0.577255  ,   0.36796173,   0.29674358,
         0.41657374,   2.25000155,   3.52045032, 100.        ]))
Max no. 4 | (np.float64(3.994938087428816e-05), array([1.34492708e+00, 5.52233895e-01, 3.81883875e-01, 5.12559994e-02,
       9.56780219e-01, 3.47256589e+00, 5.56026255e+00, 1.00000000e+02]))
Max no. 5 | (np.float64(3.994790858203374e-05), array([ 1.35087892,  0.53578721,  0.37645951,  0.63439402,  0.97299971,
        3.25913189,  2.2500324 , 96.61548278]))
Max no. 6 | (np.float64(3.942154694542966e-05), array([1.62126083e+00, 1.01003000e+00, 2.15160990e-02, 2.14453185e-02,
       4.60110991e-01, 8.17364243e+00, 9.46701240e+00, 9.81729662e+01]))
Max no. 7 | (np.float64(3.7988705305548885e-05), array([  1.34200002,   0.44666809,   0.21380882,   0.726024  ,
         0.96292423,   5.71205464,   2.78404391, 100.        ]))
Max no. 8 | (np.float64(3.7196069986868e-05), array([  1.59893945,   0.82825103,   0.10536744,   0.19457641,
         0.6198557 ,   2.66455954,   6.46475026, 100.        ]))
Max no. 9 | (np.float64(3.6455775580400354e-05), array([ 1.41730837,  0.66628526,  0.381443  ,  0.15618023,  0.96778154,
        2.56188746,  2.25000148, 84.90828665]))
Max no. 10 | (np.float64(3.612643372525231e-05), array([  1.69460758,   0.47593778,   0.15124427,   0.27462924,
         0.43773048,   9.56193457,   8.31593902, 100.        ]))
Max no. 11 | (np.float64(3.5985267172645236e-05), array([  1.60877782,   0.30303956,   0.71635443,   0.25960055,
         0.22587068,   3.53222267,  10.64589405, 100.        ]))
Max no. 12 | (np.float64(3.513015123593891e-05), array([  1.34200001,   0.41027997,   0.31932678,   0.5364661 ,
         0.97299993,   5.35306666,   3.54396331, 100.        ]))
Max no. 13 | (np.float64(3.4715901851432626e-05), array([  1.34218262,   0.31564909,   0.34475477,   0.61129171,
         0.18584659,   4.00615902,   5.55500894, 100.        ]))
Max no. 14 | (np.float64(3.429155143208486e-05), array([  1.34200001,   0.46750944,   0.27292369,   0.87600907,
         0.973     ,   5.1265654 ,   2.71738034, 100.        ]))
Max no. 15 | (np.float64(3.423525780871816e-05), array([  1.3498182 ,   0.64999554,   0.19656686,   0.58526201,
         0.13784901,   2.49168741,   3.95027134, 100.        ]))
Max no. 16 | (np.float64(3.360550914142921e-05), array([  1.63169671,   0.570938  ,   0.22404733,   0.50032787,
         0.95695632,   4.59259179,   2.25004216, 100.        ]))
Max no. 17 | (np.float64(3.254623034362699e-05), array([1.66824423e+00, 9.17819356e-01, 4.43982161e-01, 7.06612660e-02,
       9.51663652e-01, 2.25000000e+00, 3.04183144e+00, 1.00000000e+02]))
Max no. 18 | (np.float64(2.688785809191162e-05), array([  1.36028291,   0.693615  ,   0.12635511,   0.50719835,
         0.56706329,   2.66388533,   2.27440169, 100.        ]))
Max no. 19 | (np.float64(2.6546829936418485e-05), array([ 1.342     ,  0.43489355,  0.33318096,  0.66962187,  0.973     ,
        4.67330595,  2.27027901, 99.63382472]))
Max no. 20 | (np.float64(2.4008665463393135e-05), array([  1.44645188,   0.64355392,   0.51535752,   0.12007723,
         0.94093388,   2.41792446,   2.25001687, 100.        ]))
Max no. 21 | (np.float64(2.3834915868975284e-05), array([1.62356340e+00, 7.87910217e-01, 1.62558927e-01, 2.53968185e-02,
       9.73000000e-01, 2.91725567e+00, 4.24909549e+00, 9.86893580e+01]))
Max no. 22 | (np.float64(2.2949819198471807e-05), array([  1.35960621,   0.81519305,   0.13738361,   0.46686096,
         0.56579349,   2.73645672,   3.03411249, 100.        ]))
Max no. 23 | (np.float64(1.7210687843768864e-05), array([1.46304162e+00, 8.89632916e-01, 2.11880589e-01, 8.22150127e-02,
       9.70555853e-01, 5.53850150e+00, 2.25000575e+00, 1.00000000e+02]))
Max no. 24 | (np.float64(1.1005481123956077e-05), array([  1.3521245 ,   0.84150632,   0.44726312,   0.90753313,
         0.92237005,   3.76016511,   2.60565488, 100.        ]))
Max no. 25 | (np.float64(6.2001785899796644e-06), array([1.37503750e+00, 9.77721955e-01, 9.55040609e-02, 5.47848988e-01,
       5.46254007e-01, 2.40985549e+00, 2.27977338e+00, 1.00000000e+02]))
Max no. 26 | (np.float64(5.196531833963367e-06), array([1.56751041e+00, 1.37996095e+00, 4.58691658e-02, 3.46979089e-01,
       5.57874180e-01, 2.87338953e+00, 3.34413813e+00, 1.00000000e+02]))
Max no. 27 | (np.float64(-5.2070863130506054e-06), array([1.67422597e+00, 1.09339458e+00, 3.26695624e-02, 3.22716311e-01,
       4.44612280e-01, 4.58866974e+00, 2.25000000e+00, 8.46975427e+01]))
Max no. 28 | (np.float64(-7.302997452824732e-06), array([1.56008105e+00, 7.24386330e-01, 1.98046979e-02, 6.68890373e-02,
       9.66931334e-01, 1.18932881e+01, 7.94141985e+00, 9.77902212e+01]))
Max no. 29 | (np.float64(-1.340196128389857e-05), array([1.49855063e+00, 9.56462612e-01, 1.34025621e-01, 1.94601201e-02,
       9.72999964e-01, 6.21175116e+00, 5.74016707e+00, 1.00000000e+02]))
Max no. 30 | (np.float64(-3.8921946966951545e-05), array([1.56430515e+00, 7.46288155e-01, 1.34983310e-01, 3.34664415e-02,
       9.68827178e-01, 3.44908446e+00, 4.35428455e+00, 9.80485749e+01]))
Max no. 31 | (np.float64(-0.09921416205396162), array([  1.342     ,   0.37369288,   0.6549765 ,   0.12510853,
         0.13820135,   4.81379834,   3.03953282, 100.        ]))
Max no. 32 | (np.float64(-0.1050677252909184), array([1.52120609e+00, 8.74400373e-01, 1.47520173e-01, 2.18124950e-02,
       9.72955458e-01, 2.55430945e+00, 4.13986680e+00, 9.82977486e+01]))
Max no. 33 | (np.float64(-0.11559861583271085), array([  1.48422929,   0.52727776,   0.11178435,   0.97891739,
         0.97242513,   6.85630601,   2.25      , 100.        ]))
Max no. 34 | (np.float64(-0.1402386221131621), array([ 1.34401928,  0.94324127,  0.47548912,  0.9577383 ,  0.973     ,
        3.03395173,  2.25      , 98.88064619]))
Max no. 35 | (np.float64(-0.16087210424393858), array([  1.94599639,   0.27181926,   0.31987648,   0.49865188,
         0.57470183,   3.94441351,   6.03364883, 100.        ]))
Max no. 36 | (np.float64(-0.21355230765428654), array([1.87308713e+00, 1.10572500e+00, 4.81641246e-02, 1.94600000e-02,
       5.56842381e-01, 2.25000111e+00, 9.02087737e+00, 6.01187222e+01]))
Max no. 37 | (np.float64(-0.30144399929479465), array([  1.38974831,   0.85584013,   0.27327217,   0.96700756,
         0.89135102,   4.24256783,   2.58355262, 100.        ]))
Max no. 38 | (np.float64(-0.3390678407692993), array([1.77517607e+00, 1.36557249e+00, 1.94607257e-02, 1.94609573e-02,
       4.47852408e-01, 6.61855155e+00, 1.08012332e+01, 1.00000000e+02]))
Max no. 39 | (np.float64(-0.35067427643623705), array([  1.34200146,   0.50588454,   0.52252638,   0.84258434,
         0.96005755,   3.38288692,   2.34426608, 100.        ]))
Max no. 40 | (np.float64(-0.4156011884402643), array([1.61254899e+00, 7.97823870e-01, 2.60228372e-01, 5.06744335e-02,
       8.90365025e-01, 2.25394467e+00, 3.67231117e+00, 1.00000000e+02]))
Max no. 41 | (np.float64(-0.43350285476412964), array([1.67462501e+00, 2.07261201e+00, 1.96088840e-02, 3.81364190e-01,
       4.15320184e-01, 6.55506861e+00, 2.41597742e+00, 1.00000000e+02]))
Max no. 42 | (np.float64(-0.4900566732684698), array([1.50847058e+00, 9.06737235e-01, 3.03785420e-02, 2.10707085e-01,
       4.94270121e-01, 4.81375431e+00, 5.54446502e+00, 5.57440214e+01]))
Max no. 43 | (np.float64(-0.5085453602244236), array([1.41477588e+00, 4.95575475e-01, 3.82683566e-01, 5.78409148e-02,
       9.10268160e-01, 4.02776577e+00, 7.31022851e+00, 1.00000000e+02]))
Max no. 44 | (np.float64(-0.563820174965849), array([  1.60813054,   0.36479618,   0.73845288,   0.66830782,
         0.90640234,   5.55987607,   2.6764393 , 100.        ]))
Max no. 45 | (np.float64(-0.6006951073317035), array([1.88382784e+00, 1.48513986e+00, 1.95841303e-02, 2.05501900e-02,
       5.19093705e-01, 5.32430265e+00, 8.90853147e+00, 1.00000000e+02]))
Max no. 46 | (np.float64(-0.7250130404137853), array([1.69638532e+00, 7.66343888e-01, 2.17300784e-02, 1.34073954e-01,
       5.15730922e-01, 7.91172943e+00, 8.26454211e+00, 1.00000000e+02]))
Max no. 47 | (np.float64(-0.946463559883947), array([ 1.51719368,  1.18302852,  0.31978291,  0.28541836,  0.44890474,
        3.03451387,  3.94351321, 49.25785732]))
Max no. 48 | (np.float64(-0.9500411044432018), array([1.34219358e+00, 6.85446538e-01, 5.62212724e-02, 1.63122061e-01,
       8.72395355e-01, 2.25958057e+00, 4.52233032e+00, 1.00000000e+02]))
Max no. 49 | (np.float64(-0.9844281808766194), array([1.85051152e+00, 1.16488155e+00, 1.94641386e-02, 1.94657753e-02,
       3.51032147e-01, 5.71876234e+00, 1.07077813e+01, 1.00000000e+02]))
Max no. 50 | (np.float64(-0.9858204573212512), array([1.44303842e+00, 1.05533900e+00, 1.94690700e-02, 6.11352795e-02,
       2.70558132e-01, 8.78514286e+00, 8.99120829e+00, 1.00000000e+02]))
Max no. 51 | (np.float64(-1.058710855053504), array([  1.51980051,   1.30148703,   0.35626169,   0.32402052,
         0.53939144,   2.70729684,   2.25088585, 100.        ]))
Max no. 52 | (np.float64(-1.0937751066894152), array([1.47437682e+00, 2.59117011e+00, 1.81737370e-01, 4.11438503e-02,
       9.72998655e-01, 3.27995523e+00, 4.49851409e+00, 1.00000000e+02]))
Max no. 53 | (np.float64(-1.169685758875844), array([  1.54535924,   1.19879252,   0.28248073,   0.36368205,
         0.9703625 ,   2.4679569 ,   2.90565325, 100.        ]))
Max no. 54 | (np.float64(-1.2039060608567846), array([1.94583885e+00, 1.22984710e+00, 1.94839308e-02, 1.43476460e-01,
       4.91613702e-01, 6.11185802e+00, 2.89649619e+00, 1.00000000e+02]))
Max no. 55 | (np.float64(-1.2772767713840636), array([1.83408045e+00, 1.57478194e+00, 1.94600001e-02, 1.94600000e-02,
       5.62850094e-01, 4.82025574e+00, 9.25741020e+00, 1.00000000e+02]))
Max no. 56 | (np.float64(-1.2872657038679804), array([  1.34451233,   0.98899016,   0.63146569,   0.36497961,
         0.95766622,   2.61341721,   4.50128282, 100.        ]))
Max no. 57 | (np.float64(-1.3207971124628612), array([  1.58757481,   1.11995171,   0.52891979,   0.59300146,
         0.92457838,   3.16952154,   2.25054917, 100.        ]))
Max no. 58 | (np.float64(-1.34253372970321), array([1.69415870e+00, 6.27250806e-01, 1.94600000e-02, 6.93528530e-02,
       4.74882111e-01, 7.61200655e+00, 6.92260994e+00, 1.00000000e+02]))
Max no. 59 | (np.float64(-1.3882975290108392), array([  1.342     ,   1.03659924,   0.11353565,   1.34363477,
         0.15647337,   3.10228092,   2.25205719, 100.        ]))
Max no. 60 | (np.float64(-1.4075461866020755), array([1.51885247e+00, 1.47229584e+00, 2.83338786e-01, 1.94600014e-02,
       9.73000000e-01, 3.05967578e+00, 6.22966838e+00, 1.00000000e+02]))
Max no. 61 | (np.float64(-1.4098127144045756), array([  1.549132  ,   1.40169022,   0.37213457,   0.17433543,
         0.94799003,   3.74170736,   2.2719367 , 100.        ]))
Max no. 62 | (np.float64(-1.4344808758133714), array([  1.57121954,   0.33021589,   0.26424482,   0.54636875,
         0.14549402,   5.45805607,   5.93215271, 100.        ]))
Max no. 63 | (np.float64(-1.4655939780191465), array([  1.63594201,   1.13498162,   0.93944968,   1.21979878,
         0.93200806,   2.73900091,   2.36982144, 100.        ]))
Max no. 64 | (np.float64(-1.5285221251349757), array([  1.81961296,   0.9322467 ,   0.42545832,   0.1288661 ,
         0.973     ,   2.34712429,   2.31729915, 100.        ]))
Max no. 65 | (np.float64(-1.543317409774202), array([1.34655533e+00, 1.02058192e+00, 3.76383194e-01, 1.07619004e-01,
       7.96759741e-02, 2.45429239e+00, 3.42035591e+00, 1.00000000e+02]))
Max no. 66 | (np.float64(-1.562892107708143), array([ 1.4510821 ,  1.35298199,  0.46730828,  0.0911739 ,  0.11075079,
        2.26263642,  2.90181472, 90.70019707]))
Max no. 67 | (np.float64(-1.575333899025705), array([1.42465617e+00, 1.92126286e+00, 3.96941864e-01, 5.77787780e-02,
       9.54290208e-01, 2.25000000e+00, 2.32144627e+00, 1.00000000e+02]))
Max no. 68 | (np.float64(-1.5865307326374443), array([  1.70560751,   0.4235327 ,   0.37646666,   0.17890806,
         0.77800904,   4.7470298 ,   7.99938938, 100.        ]))
Max no. 69 | (np.float64(-1.6057178809929227), array([1.62815384e+00, 1.45015477e+00, 1.96651907e-02, 3.55944070e-02,
       9.73000000e-01, 7.47453149e+00, 8.41724856e+00, 1.00000000e+02]))
Max no. 70 | (np.float64(-1.609321161641396), array([  1.37094879,   2.2963304 ,   0.34304229,   0.18015432,
         0.90862425,   2.86357087,   2.31469315, 100.        ]))
Max no. 71 | (np.float64(-1.6419410345231638), array([1.81981089e+00, 1.71956490e+00, 1.94600000e-02, 1.94600000e-02,
       4.89225398e-01, 4.66928650e+00, 8.33306306e+00, 1.00000000e+02]))
Max no. 72 | (np.float64(-1.6582042225161346), array([  1.64020502,   0.26459968,   0.51701783,   0.39337735,
         0.35037613,   4.58598307,   6.82125011, 100.        ]))
Max no. 73 | (np.float64(-1.7716010050863216), array([1.75917096e+00, 2.42898193e+00, 7.41493552e-02, 5.24884780e-01,
       6.34846062e-01, 2.96822992e+00, 2.28348011e+00, 1.00000000e+02]))
Max no. 74 | (np.float64(-1.831172402187709), array([  1.49216488,   2.00269741,   0.51090156,   0.43140838,
         0.85843858,   3.47025852,   2.25      , 100.        ]))
Max no. 75 | (np.float64(-1.852557680228436), array([1.34200000e+00, 9.45301538e-02, 1.66209895e-01, 3.43978885e-01,
       5.50393286e-01, 8.15083072e+00, 1.17604157e+01, 1.00000000e+02]))
Max no. 76 | (np.float64(-1.8651875642929134), array([ 1.73543307,  0.19963439,  0.32703647,  0.42526876,  0.42421916,
        5.89858299,  9.91884506, 75.14701523]))
Max no. 77 | (np.float64(-1.8712213659338544), array([  1.62646417,   0.29054486,   0.48620043,   0.19938485,
         0.93957476,   6.34326843,   3.71573947, 100.        ]))
Max no. 78 | (np.float64(-1.9058595639088065), array([1.42657248e+00, 7.11491848e-01, 2.43813417e-01, 5.46348333e-02,
       9.66414273e-01, 2.33112478e+00, 2.57046354e+00, 8.64921064e+01]))
Max no. 79 | (np.float64(-2.0042205355411427), array([1.34200000e+00, 2.09795573e+00, 1.62445154e-01, 1.02423337e+00,
       6.47245191e-02, 2.25611185e+00, 2.77910777e+00, 1.00000000e+02]))
Max no. 80 | (np.float64(-2.0043954220303535), array([1.54526757e+00, 1.68517554e+00, 3.95219265e-01, 7.91792278e-02,
       9.68131492e-01, 2.71477206e+00, 2.30200168e+00, 1.00000000e+02]))
Max no. 81 | (np.float64(-2.030258423472564), array([1.67133103e+00, 1.32154260e+00, 1.94606942e-02, 1.94606674e-02,
       4.73961069e-01, 6.70685938e+00, 7.05642434e+00, 1.00000000e+02]))
Max no. 82 | (np.float64(-2.1066873666381385), array([1.34200000e+00, 9.93205402e-02, 2.85656355e-01, 2.93735653e-01,
       5.77690634e-01, 6.76970353e+00, 1.19495171e+01, 1.00000000e+02]))
Max no. 83 | (np.float64(-2.129308975579157), array([1.61569802e+00, 2.84227620e+00, 4.45520501e-02, 4.77855833e-01,
       9.73000000e-01, 4.18898092e+00, 2.25000000e+00, 9.58188797e+01]))
Max no. 84 | (np.float64(-2.1606163584813247), array([1.41534716e+00, 1.25845549e+00, 3.26146261e-01, 1.94600000e-02,
       8.79928862e-01, 3.66194694e+00, 1.22339821e+01, 1.00000000e+02]))
Max no. 85 | (np.float64(-2.171124031120289), array([  1.35669159,   2.24993077,   0.35738886,   0.63435498,
         0.97242581,   3.61690665,   2.251676  , 100.        ]))
Max no. 86 | (np.float64(-2.1810712793209914), array([1.83932376e+00, 1.31368567e+00, 1.94600000e-02, 1.99888949e-02,
       5.62649507e-01, 5.10189708e+00, 1.07048455e+01, 1.00000000e+02]))
Max no. 87 | (np.float64(-2.1989661210564937), array([  1.53838336,   0.3524651 ,   1.40404245,   0.26807749,
         0.27074546,   5.0853791 ,   2.99963134, 100.        ]))
Max no. 88 | (np.float64(-2.199229022181419), array([1.57765723e+00, 2.16266000e+00, 6.12732411e-02, 4.65596305e-01,
       5.39405048e-01, 2.73080296e+00, 2.25673739e+00, 1.00000000e+02]))
Max no. 89 | (np.float64(-2.247913490403213), array([  1.69632001,   0.24274343,   0.53216299,   0.20535193,
         0.95294247,   6.34183641,   4.30801094, 100.        ]))
Max no. 90 | (np.float64(-2.2598837940031937), array([1.41729661e+00, 1.58141324e+00, 3.94179722e-01, 6.29240690e-02,
       9.73000000e-01, 2.92039891e+00, 2.35384144e+00, 1.00000000e+02]))
Max no. 91 | (np.float64(-2.285471238161893), array([  1.342     ,   0.11216471,   0.22253666,   0.25656053,
         0.58175952,   6.55540219,  10.77620135, 100.        ]))
Max no. 92 | (np.float64(-2.4088911130109096), array([1.34200000e+00, 8.08989315e-02, 9.31823290e-01, 2.45393607e-01,
       3.35215891e-01, 7.58182410e+00, 9.55944977e+00, 1.00000000e+02]))
Max no. 93 | (np.float64(-2.4250126921418067), array([1.34202800e+00, 1.55029933e+00, 3.43629988e-02, 1.46754861e+00,
       1.46126934e-01, 5.89702853e+00, 2.79072820e+00, 1.00000000e+02]))
Max no. 94 | (np.float64(-2.43949508174803), array([  1.37557088,   1.51375863,   0.53761062,   0.5163789 ,
         0.97092586,   2.59583408,   2.98934371, 100.        ]))
Max no. 95 | (np.float64(-2.4424988891333395), array([1.34200000e+00, 6.78044360e-02, 8.94108608e-01, 3.28354701e-01,
       3.36187241e-01, 1.12686216e+01, 1.11409632e+01, 1.00000000e+02]))
Max no. 96 | (np.float64(-2.453378789719416), array([  1.53641872,   2.82704999,   0.26636868,   0.34553439,
         0.97158601,   2.35447398,   3.11439376, 100.        ]))
Max no. 97 | (np.float64(-2.472776233027481), array([  1.342     ,   0.12690351,   0.1580847 ,   0.31409505,
         0.58307499,   6.32640478,   8.41038449, 100.        ]))
Max no. 98 | (np.float64(-2.507006503811874), array([1.43410618e+00, 2.61537710e+00, 6.10754467e-02, 1.97756733e-01,
       9.73000000e-01, 2.27856137e+00, 2.43558377e+00, 1.00000000e+02]))
Max no. 99 | (np.float64(-2.5415370617173134), array([  1.7130298 ,   0.39706793,   0.33289641,   0.41328186,
         0.973     ,   3.36119855,   5.3486393 , 100.        ]))
Max no. 100 | (np.float64(-2.554274962092338), array([  1.342     ,   0.14237323,   0.20210944,   0.1754626 ,
         0.57454588,   6.09569963,  12.25      , 100.        ]))
Max no. 101 | (np.float64(-2.6178301288133543), array([1.51617577e+00, 2.65919554e+00, 4.87557592e-01, 1.96117915e-02,
       4.56777682e-01, 2.25000000e+00, 1.21613939e+01, 9.61317442e+01]))
Max no. 102 | (np.float64(-2.623073100469406), array([  1.43744618,   1.33359552,   0.66219254,   0.11074945,
         0.96990432,   2.26561681,   5.21921024, 100.        ]))
Max no. 103 | (np.float64(-2.6263244863479978), array([1.54663873e+00, 1.65550570e+00, 3.48156354e-02, 1.27945097e+00,
       2.91207409e-01, 7.02564921e+00, 2.45496756e+00, 9.75143781e+01]))
Max no. 104 | (np.float64(-2.651232376672318), array([  1.38581971,   2.7735505 ,   0.39075718,   0.74413182,
         0.96558463,   3.29952424,   2.30653943, 100.        ]))
Max no. 105 | (np.float64(-2.656273602200174), array([  1.50040692,   0.15784473,   0.6769786 ,   0.30947889,
         0.24902804,   6.12819306,  12.25      , 100.        ]))
Max no. 106 | (np.float64(-2.664348590192223), array([  1.35184055,   2.32828903,   0.27704446,   0.68685592,
         0.88657999,   4.46312774,   2.62551423, 100.        ]))
Max no. 107 | (np.float64(-2.690386172026892), array([  1.54892141,   0.22722897,   1.30445765,   0.53693337,
         0.25857754,   2.90589581,   8.69446853, 100.        ]))
Max no. 108 | (np.float64(-2.764859918711861), array([1.38691025e+00, 1.75782257e+00, 4.77277063e-02, 3.49393195e-01,
       9.71903188e-01, 5.70052844e+00, 3.31815846e+00, 1.00000000e+02]))
Max no. 109 | (np.float64(-2.782670776144976), array([  1.342     ,   0.18037089,   0.14625773,   0.18112017,
         0.79918863,  12.25      ,   4.85828783, 100.        ]))
Max no. 110 | (np.float64(-2.7870167797862013), array([  1.36465436,   1.73683921,   0.31154207,   0.38668676,
         0.95259875,   4.6132015 ,   2.6491698 , 100.        ]))
Max no. 111 | (np.float64(-2.8349469857184397), array([1.34201250e+00, 2.37502520e+00, 3.48632024e-01, 3.26832095e-02,
       9.72984392e-01, 2.74965449e+00, 2.62527927e+00, 1.00000000e+02]))
Max no. 112 | (np.float64(-2.943229898107906), array([  1.34209866,   1.21104412,   0.16680074,   0.38951027,
         0.7427044 ,   2.5770936 ,   2.72639188, 100.        ]))
Max no. 113 | (np.float64(-3.061271073826071), array([1.39736059e+00, 2.53729732e+00, 1.94600000e-02, 3.23910279e-02,
       9.72918673e-01, 7.51173323e+00, 7.76285394e+00, 1.00000000e+02]))
Max no. 114 | (np.float64(-3.076344159454403), array([  1.342     ,   0.2302208 ,   0.13254559,   0.19255284,
         0.94118977,  12.25      ,   4.88332971, 100.        ]))
Max no. 115 | (np.float64(-3.1167897920423018), array([1.55396606e+00, 2.48110378e+00, 1.94786395e-02, 1.94784131e-02,
       2.99267771e-01, 9.92344690e+00, 8.98263729e+00, 1.00000000e+02]))
Max no. 116 | (np.float64(-3.1316322269545016), array([  1.34470455,   2.50457976,   0.27751576,   0.18526339,
         0.97255253,   3.64105239,   2.26455219, 100.        ]))
Max no. 117 | (np.float64(-3.1405188850383587), array([  1.34876004,   2.45024479,   0.4133519 ,   0.54765274,
         0.82516379,   2.7171673 ,   3.85734857, 100.        ]))
Max no. 118 | (np.float64(-3.229935969740307), array([  1.34790137,   2.26512724,   0.52237797,   1.01133019,
         0.96082379,   3.54887347,   2.39777032, 100.        ]))
Max no. 119 | (np.float64(-3.2445205829022576), array([1.35881820e+00, 1.81017217e+00, 4.36198457e-01, 4.17653515e-02,
       9.59745347e-01, 2.49043800e+00, 2.41623446e+00, 1.00000000e+02]))
Max no. 120 | (np.float64(-3.2519706728737545), array([1.34209633e+00, 1.88144050e+00, 9.15877051e-02, 8.80945379e-02,
       9.72435206e-01, 2.25937692e+00, 5.31020786e+00, 1.00000000e+02]))
Max no. 121 | (np.float64(-3.299265501343722), array([1.69227323e+00, 1.07533567e+00, 1.83285974e-01, 3.02622855e-02,
       9.67119405e-01, 2.25212528e+00, 3.84550244e+00, 1.00000000e+02]))
Max no. 122 | (np.float64(-3.306578722917676), array([1.37722494e+00, 2.14811500e+00, 2.02179292e-02, 4.18110550e-02,
       9.73000000e-01, 6.17109548e+00, 8.12449943e+00, 9.72106956e+01]))
Max no. 123 | (np.float64(-3.320497856895904), array([ 1.4363437 ,  1.50277386,  0.12459172,  0.79177557,  0.46570098,
        4.04322786,  2.29057301, 95.1842745 ]))
Max no. 124 | (np.float64(-3.3651581793129908), array([  1.39690897,   2.74692704,   0.2526461 ,   0.2777761 ,
         0.85681014,   4.17258049,   4.45702793, 100.        ]))
Max no. 125 | (np.float64(-3.419818153677137), array([  1.34213389,   2.48914436,   0.42063849,   0.89424092,
         0.52226277,   2.39478059,   2.25571485, 100.        ]))
Max no. 126 | (np.float64(-3.4423826464165876), array([1.85602660e+00, 1.83672023e+00, 2.04364786e-01, 2.22345979e-02,
       5.67067194e-01, 2.30013720e+00, 3.70671159e+00, 1.00000000e+02]))
Max no. 127 | (np.float64(-3.453587454604321), array([1.39613853e+00, 2.63661999e+00, 1.97915260e-02, 3.77867849e-02,
       9.69035205e-01, 6.97056421e+00, 7.39865305e+00, 1.00000000e+02]))
Max no. 128 | (np.float64(-3.5793722430395283), array([  1.342     ,   2.70093393,   0.60772605,   0.12991267,
         0.973     ,   2.25      ,   5.13651249, 100.        ]))
Max no. 129 | (np.float64(-3.606949989668379), array([1.42510335e+00, 2.10448079e+00, 5.60151690e-01, 3.01466550e-02,
       8.31463560e-01, 3.04445550e+00, 1.08977913e+01, 1.00000000e+02]))
Max no. 130 | (np.float64(-3.6610948781096115), array([ 1.51407271,  1.28484392,  0.34847089,  0.19302082,  0.45759301,
        2.71059441,  4.04716273, 48.16111172]))
Max no. 131 | (np.float64(-3.6856940547621577), array([1.65205389e+00, 1.90639902e+00, 6.09473070e-02, 4.30525873e-01,
       7.08061944e-01, 2.52134278e+00, 2.44626144e+00, 1.00000000e+02]))
Max no. 132 | (np.float64(-3.709578610132441), array([  1.34293823,   1.82600974,   0.17790528,   0.29990748,
         0.97146956,   4.3980723 ,   2.28575215, 100.        ]))
Max no. 133 | (np.float64(-3.7140859543769813), array([  1.342     ,   0.19307534,   0.15054718,   0.32324711,
         0.86326824,   7.31770731,   2.25      , 100.        ]))
Max no. 134 | (np.float64(-3.7182063958210114), array([1.47473990e+00, 1.15496301e+00, 3.58445435e-02, 1.09596429e+00,
       6.53954954e-02, 7.53723786e+00, 2.47842924e+00, 1.00000000e+02]))
Max no. 135 | (np.float64(-3.736994330274235), array([ 1.51244641,  1.27029894,  0.35993599,  0.1920106 ,  0.46241498,
        2.68632094,  4.0924041 , 48.09285123]))
Max no. 136 | (np.float64(-3.7521926722795573), array([1.62569030e+00, 1.64688435e+00, 2.85093029e-02, 2.20699613e-01,
       9.72128260e-01, 4.49624564e+00, 2.25044192e+00, 1.00000000e+02]))
Max no. 137 | (np.float64(-3.7721621128130476), array([  1.342     ,   2.73939986,   0.52394078,   0.48343232,
         0.973     ,   2.405078  ,   3.56316283, 100.        ]))
Max no. 138 | (np.float64(-3.914420277066979), array([1.62467983e+00, 2.24098715e+00, 3.72603434e-01, 6.38222358e-02,
       1.13429159e-01, 2.34384937e+00, 3.44379490e+00, 1.00000000e+02]))
Max no. 139 | (np.float64(-3.9378679430002235), array([1.93331401e+00, 1.97357501e+00, 1.82270629e+00, 1.94600167e-02,
       4.65242146e-01, 3.11620440e+00, 9.89988796e+00, 9.52255049e+01]))
Max no. 140 | (np.float64(-3.997918178328927), array([  1.4364565 ,   1.55738596,   0.41621591,   0.29367071,
         0.89012773,   3.68736635,   2.25      , 100.        ]))
Max no. 141 | (np.float64(-4.03741882824821), array([1.43219094e+00, 2.55970011e+00, 6.98077798e-02, 5.51291518e-02,
       9.72694347e-01, 2.25000000e+00, 5.14257885e+00, 1.00000000e+02]))
Max no. 142 | (np.float64(-4.161262502401935), array([1.51954436e+00, 1.52465104e+00, 3.35015846e-02, 1.17654106e+00,
       2.39078111e-01, 6.18462097e+00, 2.31758435e+00, 9.92466953e+01]))
Max no. 143 | (np.float64(-4.223437504068384), array([1.34887937e+00, 1.99234774e+00, 5.49448245e-01, 7.40521355e-02,
       7.80750511e-01, 2.59878740e+00, 3.75667213e+00, 1.00000000e+02]))
Max no. 144 | (np.float64(-4.266577491912326), array([1.34884546e+00, 2.79317266e+00, 4.35564874e-02, 5.73777106e-02,
       8.58305656e-01, 4.93388842e+00, 6.57507639e+00, 8.16964562e+01]))
Max no. 145 | (np.float64(-4.275905875321589), array([1.86319834e+00, 1.40981555e+00, 1.94646578e-02, 1.95249080e-02,
       7.75698027e-01, 4.95939266e+00, 9.47506997e+00, 1.00000000e+02]))
Max no. 146 | (np.float64(-4.2765927464116915), array([  1.3623394 ,   1.43062049,   0.76557314,   0.37802654,
         0.97260311,   3.34256001,   6.10717365, 100.        ]))
Max no. 147 | (np.float64(-4.372091803968329), array([  1.55878737,   1.44718408,   0.46591638,   0.38481309,
         0.59586745,   2.72680438,   2.27663899, 100.        ]))
Max no. 148 | (np.float64(-4.38088534506829), array([1.84938147e+00, 2.11909678e+00, 1.94831454e-02, 3.17834731e-02,
       6.34468502e-01, 1.15581936e+01, 3.53097032e+00, 1.00000000e+02]))
Max no. 149 | (np.float64(-4.676344409366116), array([1.38482838e+00, 2.65417044e+00, 1.94600000e-02, 2.43213737e-02,
       9.70546084e-01, 7.04788394e+00, 7.57664535e+00, 1.00000000e+02]))
Max no. 150 | (np.float64(-4.9725100568821405), array([1.54001622e+00, 1.66959294e+00, 3.95552685e-01, 1.94708317e-02,
       9.72999716e-01, 3.06759867e+00, 4.71722840e+00, 1.00000000e+02]))
Max no. 151 | (np.float64(-5.026388390366629), array([1.38104899e+00, 2.54083000e+00, 2.02436113e-02, 2.63236266e-01,
       9.14413756e-01, 6.16013448e+00, 2.25000000e+00, 1.00000000e+02]))
Max no. 152 | (np.float64(-5.031885021947385), array([  1.47390899,   2.85610377,   0.58645686,   0.41789848,
         0.60787584,   3.02384402,   2.2909442 , 100.        ]))
Max no. 153 | (np.float64(-5.04754451290149), array([1.58553417e+00, 1.23542415e+00, 6.22418678e-02, 1.17949347e+00,
       5.89929308e-02, 3.07785417e+00, 2.39149691e+00, 1.00000000e+02]))
Max no. 154 | (np.float64(-5.0488527629344855), array([  1.45779836,   2.81069354,   0.78100433,   0.54610042,
         0.9594417 ,   2.29913624,   4.55935559, 100.        ]))
Max no. 155 | (np.float64(-5.1389253587501), array([1.93268477e+00, 2.01753262e+00, 2.09068650e-02, 2.14908641e-02,
       5.21388132e-01, 5.15862362e+00, 7.99643011e+00, 1.00000000e+02]))
Max no. 156 | (np.float64(-5.18537503659762), array([1.34252625e+00, 1.77678975e+00, 6.68487476e-02, 3.49362154e-02,
       9.71054457e-01, 2.25008577e+00, 1.22499328e+01, 1.00000000e+02]))
Max no. 157 | (np.float64(-5.350155716662796), array([  1.55279107,   2.52569679,   0.45876291,   0.50400945,
         0.97150128,   2.37525202,   3.46830159, 100.        ]))
Max no. 158 | (np.float64(-5.39098093091276), array([1.94600000e+00, 2.28686285e+00, 1.94600000e-02, 1.94726152e-02,
       5.62845978e-01, 4.24109070e+00, 7.67757313e+00, 1.00000000e+02]))
Max no. 159 | (np.float64(-5.392550385216422), array([1.46837384e+00, 2.40992503e+00, 1.35621986e+00, 9.17783455e-02,
       8.72412043e-02, 2.25645462e+00, 2.95470301e+00, 1.00000000e+02]))
Max no. 160 | (np.float64(-5.405332920633888), array([1.55526185e+00, 1.93677887e+00, 6.67407983e-02, 1.79729995e+00,
       6.02306317e-02, 2.59137780e+00, 2.33603930e+00, 1.00000000e+02]))
Max no. 161 | (np.float64(-5.432422916494218), array([  1.36510462,   1.0598637 ,   0.13215037,   0.97606115,
         0.8879526 ,   4.30100631,   2.26451804, 100.        ]))
Max no. 162 | (np.float64(-5.452072257499523), array([1.57439490e+00, 1.62668417e+00, 2.32295605e-02, 1.19169093e+00,
       2.46711947e-01, 8.64456983e+00, 2.29836381e+00, 8.67835520e+01]))
Max no. 163 | (np.float64(-5.5262823907787215), array([ 1.50926853,  2.69571151,  0.38885714,  0.14226426,  0.47497116,
        3.39376142,  3.79507875, 47.33159201]))
Max no. 164 | (np.float64(-5.539506454682981), array([1.55871055e+00, 1.78723701e+00, 2.67981426e-01, 1.94600050e-02,
       4.80677205e-01, 3.30778593e+00, 7.41196873e+00, 9.29477618e+01]))
Max no. 165 | (np.float64(-5.5431190236484476), array([1.92531724e+00, 2.14298340e+00, 1.94600000e-02, 1.94693670e-02,
       5.78270492e-01, 4.05064234e+00, 7.13875701e+00, 1.00000000e+02]))
Max no. 166 | (np.float64(-5.563755877601335), array([1.34874897e+00, 2.23089170e+00, 3.42539519e-02, 3.07504575e-01,
       9.72741437e-01, 4.69040732e+00, 2.25687893e+00, 1.00000000e+02]))
Max no. 167 | (np.float64(-5.571628718946558), array([1.51836096e+00, 1.74269920e+00, 2.11959294e-02, 1.19572485e+00,
       2.49271554e-01, 6.80754874e+00, 2.32312238e+00, 9.93343540e+01]))
Max no. 168 | (np.float64(-5.61454315668983), array([  1.34217929,   1.96689066,   0.16143841,   0.27952086,
         0.81230503,   3.15866993,   2.85978373, 100.        ]))
Max no. 169 | (np.float64(-5.6810687543541505), array([  1.62933403,   2.20330409,   0.14198466,   0.15891109,
         0.96967565,   4.38699086,   2.25      , 100.        ]))
Max no. 170 | (np.float64(-5.69965829268994), array([1.66514991e+00, 2.08677239e+00, 3.80007187e-02, 2.90956287e-01,
       4.03498346e-01, 2.42906325e+00, 2.31667488e+00, 1.00000000e+02]))
Max no. 171 | (np.float64(-5.699863457272026), array([  1.34297109,   2.91562129,   0.64726918,   0.6598364 ,
         0.83619326,   2.87793543,   4.0596419 , 100.        ]))
Max no. 172 | (np.float64(-5.743843176321837), array([1.34201302e+00, 2.04691332e+00, 4.02538514e-01, 6.54616959e-02,
       6.25751454e-02, 2.50881697e+00, 2.43226815e+00, 9.66979002e+01]))
Max no. 173 | (np.float64(-5.82210214045973), array([  1.34778611,   2.71653891,   0.36378668,   0.16494146,
         0.57495764,   2.25      ,   4.33544077, 100.        ]))
Max no. 174 | (np.float64(-5.874105570879836), array([  1.35080504,   1.89241569,   0.3778298 ,   1.07111895,
         0.43014134,   2.45555991,   2.75841364, 100.        ]))
Max no. 175 | (np.float64(-6.140008906430591), array([  1.64484203,   1.94596139,   0.88098974,   0.4305926 ,
         0.92291441,   5.82435507,   5.84679194, 100.        ]))
Max no. 176 | (np.float64(-6.1851863530513445), array([ 1.50796163,  2.6811665 ,  0.38446727,  0.13509979,  0.4779087 ,
        3.37836105,  3.78496823, 47.32975321]))
Max no. 177 | (np.float64(-6.197232979252504), array([  1.34327996,   1.86285439,   0.35303431,   0.84655836,
         0.42341387,   2.93761506,   2.54166481, 100.        ]))
Max no. 178 | (np.float64(-6.340274311646977), array([  1.62286236,   2.33726523,   0.4610678 ,   0.45835306,
         0.97167528,   2.25255639,   3.47833681, 100.        ]))
Max no. 179 | (np.float64(-6.530077700619825), array([  1.35245579,   2.59927704,   0.60831792,   0.25549437,
         0.97194874,   2.56256588,   2.25      , 100.        ]))
Max no. 180 | (np.float64(-6.649380869159482), array([1.34286666e+00, 2.89230019e+00, 1.46976137e-01, 2.15247365e-02,
       9.21457389e-01, 3.55716208e+00, 3.59376046e+00, 1.00000000e+02]))
Max no. 181 | (np.float64(-7.282212300170882), array([1.40696953e+00, 2.88235262e+00, 9.05568694e-02, 4.67293944e-02,
       8.50725972e-01, 2.25074665e+00, 1.06127311e+01, 1.00000000e+02]))
Max no. 182 | (np.float64(-7.410393543363906), array([  1.5448204 ,   2.39426151,   0.18492814,   0.59694233,
         0.97284432,   7.98637031,   6.40235625, 100.        ]))
Max no. 183 | (np.float64(-7.552381413103651), array([  1.346496  ,   2.5762706 ,   0.17560477,   0.66460588,
         0.61522552,   2.3387778 ,   2.25      , 100.        ]))
Max no. 184 | (np.float64(-7.879500063296543), array([1.94522665e+00, 1.62238577e+00, 1.94600000e-02, 1.94600000e-02,
       5.83800000e-02, 5.14459479e+00, 2.46528775e+00, 1.00000000e+02]))
Max no. 185 | (np.float64(-8.059515563190798), array([1.34200000e+00, 2.18733121e+00, 3.32664083e-01, 1.94722877e-02,
       9.72925168e-01, 2.81261724e+00, 2.25330864e+00, 1.00000000e+02]))
Max no. 186 | (np.float64(-8.135294870063873), array([1.41090902e+00, 2.76076422e+00, 6.55909682e-02, 7.19436183e-01,
       5.83800000e-02, 2.26627619e+00, 2.28333957e+00, 9.91299078e+01]))
Max no. 187 | (np.float64(-8.322218299018923), array([1.34972861e+00, 2.86574253e+00, 4.38058455e-01, 2.11045878e-02,
       9.71030073e-01, 2.25153434e+00, 2.32563716e+00, 1.00000000e+02]))
Max no. 188 | (np.float64(-8.405492028295628), array([1.91514179e+00, 2.20629500e+00, 3.39469444e-02, 1.39102675e-01,
       5.81423211e-01, 7.39114790e+00, 2.25067911e+00, 1.00000000e+02]))
Max no. 189 | (np.float64(-8.468629959776468), array([1.90826059e+00, 1.70746339e+00, 1.94600000e-02, 1.94600000e-02,
       1.20622048e-01, 5.01550060e+00, 2.77930672e+00, 1.00000000e+02]))
Max no. 190 | (np.float64(-8.520022710584295), array([  1.342     ,   2.36565724,   0.19146096,   0.23569103,
         0.973     ,   4.50702251,   2.25      , 100.        ]))
Max no. 191 | (np.float64(-8.554606125262591), array([  1.44615646,   2.03996669,   0.87572384,   0.25304958,
         0.97172718,   5.01856406,   8.94266021, 100.        ]))
Max no. 192 | (np.float64(-8.819163315751506), array([1.70225013e+00, 2.31454782e+00, 5.24041029e-02, 9.58555842e-02,
       9.14405929e-01, 2.28323529e+00, 4.38761076e+00, 1.00000000e+02]))
Max no. 193 | (np.float64(-9.033126435009322), array([1.72692964e+00, 1.60760621e+00, 1.55048634e+00, 1.99396411e-02,
       6.39230308e-01, 2.25071925e+00, 1.09682353e+01, 9.82127057e+01]))
Max no. 194 | (np.float64(-9.471633414545538), array([ 1.91678211,  1.85323833,  0.16602217,  1.14597642,  0.66023794,
        4.89293398,  2.79262729, 90.455603  ]))
Max no. 195 | (np.float64(-9.483090029003737), array([ 1.68032154,  2.40930807,  0.8319024 ,  0.58696779,  0.56780707,
        4.08832675,  3.10490788, 98.75966519]))
Max no. 196 | (np.float64(-11.145439995487427), array([  1.342     ,   2.46056578,   0.10088382,   0.42431081,
         0.72273533,   2.46045695,   2.43854409, 100.        ]))
Max no. 197 | (np.float64(-16.40732800922533), array([1.34200000e+00, 5.36350000e-02, 9.30138820e-01, 5.25396844e-01,
       1.99095594e-01, 1.22500000e+01, 1.22500000e+01, 1.00000000e+02]))
Max no. 198 | (np.float64(-23.163556682558767), array([1.34200000e+00, 3.90900000e-02, 7.37509804e-01, 6.71473278e-01,
       5.83800000e-02, 1.22500000e+01, 1.22500000e+01, 1.00000000e+02]))
Max no. 199 | (np.float64(-23.269630433336385), array([1.34200000e+00, 2.45450000e-02, 6.87535157e-01, 6.77873054e-01,
       5.83800000e-02, 1.22500000e+01, 1.22500000e+01, 1.00000000e+02]))
------------------------------------------------------------------------------------------------------------------------------------
