
------------------------------------------------------------------------------------------------------------------------------------
All maxima | (local maximum, local maximiser)
Max no. 0 | (-9.450346887241204e-06, array([1.45164575e+00, 2.75745169e+00, 2.07800442e-02, 6.37782295e-02,
       9.67491537e-01, 1.17765310e+01, 2.28210232e+00, 3.61305402e+01,
       1.00000000e-02, 2.25000000e+00]))
Max no. 1 | (-2.324295223436512e-05, array([1.46782111e+00, 8.53752768e-01, 1.89288479e-01, 3.69622126e-01,
       8.09509636e-02, 1.20199114e+01, 3.26569760e+00, 5.00000000e+01,
       1.00000336e-02, 5.27241808e+00]))
Max no. 2 | (-0.6534940146300513, array([1.34201438e+00, 1.95395941e+00, 3.45541120e-03, 3.19899389e-05,
       4.94922969e-01, 2.26699954e+00, 2.25000865e+00, 4.90308252e+01,
       1.00000000e-02, 2.25000000e+00]))
Max no. 3 | (-0.8019188305875292, array([1.39131851e+00, 2.44004545e+00, 4.54400656e-03, 1.06813951e-05,
       8.01282653e-01, 2.49159290e+00, 2.25000278e+00, 4.89919360e+01,
       1.00000000e-02, 2.25000000e+00]))
Max no. 4 | (-0.876599087056649, array([1.53303446e+00, 1.47848841e+00, 4.52714179e-03, 1.25593582e-07,
       9.72999823e-01, 2.82878228e+00, 2.25000003e+00, 2.98447761e+01,
       1.00000000e-02, 2.25000000e+00]))
Max no. 5 | (-1.123612130732935, array([1.94600000e+00, 4.13157836e-01, 1.42686492e-03, 6.76345018e-04,
       2.70238345e-01, 2.25041801e+00, 2.25117853e+00, 5.00000000e+01,
       1.00000000e-02, 2.25000000e+00]))
Max no. 6 | (-1.16921536381789, array([1.94600000e+00, 1.00000000e-02, 0.00000000e+00, 0.00000000e+00,
       3.64297804e-04, 2.25000000e+00, 2.25000000e+00, 5.00000000e+01,
       1.00000000e-02, 2.25000000e+00]))
Max no. 7 | (-1.2241281227061953, array([1.60617694e+00, 6.56444444e-01, 0.00000000e+00, 0.00000000e+00,
       7.63038236e-01, 2.25000000e+00, 2.25000000e+00, 5.00000000e+01,
       1.00000000e-02, 2.25000000e+00]))
Max no. 8 | (-2.152912608798868, array([ 1.34200759,  0.17177758,  0.05106066,  1.3880962 ,  0.77718317,
        4.33092531,  2.25      , 50.        ,  0.1952153 ,  2.25      ]))
Max no. 9 | (-2.7873455258189885, array([1.53725055e+00, 1.79253085e+00, 1.02904698e-02, 4.17145183e-03,
       1.14588643e-03, 5.76646659e+00, 2.25082733e+00, 5.00000000e+01,
       1.03915279e-02, 8.83784191e+00]))
Max no. 10 | (-2.8188228452356365, array([1.34200092e+00, 1.78772221e+00, 2.25898920e-02, 1.08646129e-02,
       9.72998098e-01, 2.25661611e+00, 2.25277937e+00, 4.64910912e+01,
       1.03437083e-02, 6.23361615e+00]))
Max no. 11 | (-4.107162748893778, array([ 1.34228086,  0.5702015 ,  1.946     ,  0.73406217,  0.83401579,
        2.27257481,  5.88987735, 50.        ,  0.17049872,  2.25      ]))
Max no. 12 | (-4.368544091108603, array([1.67585554e+00, 2.27264410e+00, 7.59900014e-01, 1.58818906e+00,
       6.80608597e-01, 2.47425259e+00, 2.25026405e+00, 5.00000000e+01,
       3.69514542e-02, 2.25099059e+00]))
Max no. 13 | (-5.842140605655058, array([ 1.38730253,  1.05519687,  1.62065312,  0.56859688,  0.973     ,
        2.25      ,  2.25      , 48.24520545,  0.05346811,  2.25      ]))
Max no. 14 | (-6.153400646251032, array([1.37078350e+00, 1.14127778e+00, 1.77876574e+00, 7.75359336e-01,
       2.35648418e-01, 2.25000000e+00, 9.04687500e+00, 5.00000000e+01,
       1.00000000e-02, 2.25000000e+00]))
Max no. 15 | (-6.723483396037018, array([1.34205651e+00, 1.46206277e+00, 1.95648420e-02, 1.50660308e-02,
       4.21559178e-02, 2.25440336e+00, 2.25436007e+00, 3.11857889e+01,
       1.59772707e+00, 2.26841674e+00]))
------------------------------------------------------------------------------------------------------------------------------------
