
------------------------------------------------------------------------------------------------------------------------------------
All maxima | (local maximum, local maximiser)
Max no. 0 | (0.02142852144408159, array([ 1.67442524,  2.41881799,  1.80033043,  0.60676916,  0.68481761,
        6.70863526, 11.25034139, 13.78794467,  2.4211222 , 11.35497835]))
Max no. 1 | (0.01093768342745316, array([ 1.72094678,  2.73377822,  1.49326992,  1.31942462,  0.30245654,
        9.0232101 ,  4.29409324, 17.30154372,  2.82034733, 10.46911867]))
Max no. 2 | (0.009449957340177435, array([ 1.9459188 ,  1.10072099,  0.93444127,  0.99481063,  0.77869733,
        5.65040743,  9.39384645, 46.13846904,  2.67050082, 12.24633082]))
Max no. 3 | (0.00893285224941653, array([ 1.72027243,  1.2150566 ,  1.26621936,  1.09005086,  0.32300427,
       10.12491911,  8.10722545, 32.59750466,  2.46342272,  9.04131777]))
Max no. 4 | (0.008758358112572109, array([ 1.67702834,  2.50360889,  1.17064075,  0.89698433,  0.78296096,
        3.1092424 ,  3.42181951, 26.4453125 ,  1.89629279,  2.48420269]))
Max no. 5 | (0.0056499730476973695, array([ 1.91662338,  1.311734  ,  0.42133202,  0.65797394,  0.17125192,
       11.85852183,  4.59989413, 43.31969791,  1.38705369, 11.406113  ]))
Max no. 6 | (0.005000419224798166, array([ 1.4108335 ,  2.77632246,  1.29718271,  1.26020926,  0.47972349,
        7.45943552, 11.53463589, 23.6328122 ,  2.80531698,  4.35894528]))
Max no. 7 | (0.0049653590305259315, array([ 1.81702066,  1.84959705,  0.34923852,  0.19150202,  0.24938174,
        4.51689021, 11.07735628, 21.52345796,  2.73410175,  8.03747752]))
Max no. 8 | (0.00490535485381213, array([ 1.81665086,  0.51944089,  1.35286191,  1.07949397,  0.93495614,
        8.49843697,  8.76743496, 47.53929918,  1.60215296,  8.75689823]))
Max no. 9 | (0.00448214855528959, array([ 1.39095324,  0.18904637,  1.29922966,  1.25948346,  0.48008639,
        7.43563256, 11.53086813, 23.63349175,  2.57634473,  3.15184467]))
Max no. 10 | (0.004462375751208596, array([ 1.68646875,  0.79406641,  1.38348437,  1.35307812,  0.28125781,
        8.578125  ,  3.890625  , 17.3046875 ,  2.57810156,  9.515625  ]))
Max no. 11 | (0.0043933570441085645, array([ 1.43289543,  0.45820624,  1.1083587 ,  0.34975579,  0.56977013,
       12.16893911,  2.48340151, 41.91404627,  2.52545363, 12.18276535]))
Max no. 12 | (0.0038481479530319386, array([ 1.70250926,  2.08745203,  1.46853189,  1.32984154,  0.29924623,
        8.99831426,  4.33047129, 17.30469382,  2.7345869 ,  9.90572668]))
Max no. 13 | (0.003093792728378321, array([ 1.6410021 ,  2.19053649,  0.09179421,  1.02728899,  0.60326626,
        6.24124115, 10.33055798, 40.50804108,  2.4714612 , 10.68612694]))
Max no. 14 | (0.0029993710711745986, array([ 1.74320128,  0.81932602,  1.08000876,  0.44131982,  0.61598059,
       10.76719573,  9.82928129, 49.64844406,  2.30706045,  6.71072148]))
Max no. 15 | (0.0025881581961290784, array([1.80915694e+00, 3.39891556e-02, 1.35307814e+00, 1.07942187e+00,
       9.34992190e-01, 8.42187516e+00, 8.73437501e+00, 4.75390625e+01,
       1.44177704e+00, 8.42189871e+00]))
Max no. 16 | (0.002428814628789455, array([ 1.87643333,  1.64082234,  0.50940292,  0.20916503,  0.43441394,
        5.51244266,  8.21023739, 33.49557661,  2.48442955, 11.08696524]))
Max no. 17 | (0.0020256379980407107, array([ 1.946     ,  1.49635275,  0.90806293,  1.31003955,  0.78929789,
        2.73953045, 11.88731518, 35.58635631,  2.58655183,  7.70704235]))
------------------------------------------------------------------------------------------------------------------------------------
