
------------------------------------------------------------------------------------------------------------------------------------
All maxima | (local maximum, local maximiser)
Max no. 0 | (8.557435033810407e-13, array([ 1.41859102,  0.4919032 ,  0.57190255,  0.05343927,  0.44458829,
       11.02959578,  6.10013696, 31.37144885,  0.43257336,  2.27954604]))
Max no. 1 | (2.1572990825037597e-13, array([ 1.46607466,  1.45114375,  0.12798375,  0.84976063,  0.49479036,
        4.8282271 ,  2.63952843, 45.42968699,  1.69686179,  5.77100798]))
Max no. 2 | (1.9766085935528696e-13, array([ 1.20002721,  0.22985667,  0.2186449 ,  0.13703609,  0.43200298,
       11.91161269,  8.56721156, 37.60793995,  0.74647021,  7.38526183]))
Max no. 3 | (1.7043377046871853e-13, array([ 1.42548747,  0.66844217,  0.40442693,  0.0882056 ,  0.29219865,
        6.41457926, 12.23492686, 48.11026142,  0.3083164 ,  2.46195295]))
Max no. 4 | (9.131866349936021e-14, array([ 1.44820105,  0.6282687 ,  0.60622639,  0.23497944,  0.26521399,
        2.25      ,  8.70816896, 50.        ,  0.49646268,  6.1450657 ]))
Max no. 5 | (8.637409887676748e-14, array([1.27232706e+00, 1.29665920e+00, 4.47700003e-01, 6.56003577e-01,
       3.22398237e-01, 4.55995124e+00, 9.81600778e+00, 5.00000000e+01,
       1.16659928e-02, 3.29410875e+00]))
Max no. 6 | (5.781672965636492e-14, array([ 1.15312676,  1.12553133,  0.62047261,  0.59318238,  0.25835239,
        8.47649088,  6.48318149, 50.        ,  0.06590937,  2.25752814]))
Max no. 7 | (4.7334319034469186e-14, array([1.10812587e+00, 1.88734375e+00, 4.12716879e-01, 3.03425665e-01,
       7.45000000e-01, 4.37632819e+00, 3.29261585e+00, 5.00000000e+01,
       1.00000000e-02, 6.39818522e+00]))
Max no. 8 | (4.363176339420113e-14, array([ 1.46508912,  1.22231803,  0.3293716 ,  1.06834967,  0.39147277,
        7.62745809,  3.79155928, 46.39667306,  0.11147821, 12.03154584]))
Max no. 9 | (3.940392191089406e-14, array([ 1.12013213,  0.49671875,  0.58871073,  0.69689592,  0.2693271 ,
       11.20217855,  6.36312985, 50.        ,  0.79230263,  2.29572207]))
Max no. 10 | (2.66542166252236e-14, array([ 1.45726005,  0.990512  ,  0.30287502,  0.08898613,  0.36783333,
        8.50676714,  6.66484406, 29.63048495,  0.04334279,  3.81851401]))
Max no. 11 | (2.4227102388419543e-14, array([1.05200000e+00, 8.44375000e-01, 6.06057291e-01, 6.16002564e-01,
       3.69682347e-02, 4.82874231e+00, 1.03898494e+01, 5.00000000e+01,
       1.00000000e-02, 2.25000000e+00]))
Max no. 12 | (1.8906099743792752e-14, array([ 1.21125976,  2.04064169,  0.35171996,  0.24921203,  0.12694026,
        2.94141077,  9.93134507, 30.56583822,  0.51155861,  5.88954386]))
Max no. 13 | (1.8594263453642285e-14, array([1.32490511e+00, 7.27670220e-01, 9.42423336e-02, 3.05294691e-01,
       3.99812456e-01, 5.54676304e+00, 8.07936118e+00, 5.00000000e+01,
       1.00000000e-02, 5.34441398e+00]))
Max no. 14 | (1.4926494535727904e-14, array([ 1.13226552,  0.85784896,  0.50238027,  0.55790003,  0.1647686 ,
        5.15607797,  2.67221903, 39.10477018,  1.6748124 ,  3.15678937]))
Max no. 15 | (1.4065321858462419e-14, array([ 1.32653432,  1.8360678 ,  0.08399039,  0.44321298,  0.745     ,
        2.36620843, 12.17021612, 47.12484207,  0.76871615,  2.96498043]))
Max no. 16 | (9.182069451509424e-15, array([ 1.16911511,  0.38903702,  0.10761679,  0.22395371,  0.2664919 ,
       10.5901986 ,  2.81082739, 27.43173432,  0.42815727,  9.69491535]))
Max no. 17 | (5.502206738030486e-15, array([ 1.40912512,  2.23072221,  0.26246207,  0.31908705,  0.0626074 ,
        3.51935889,  2.56129209, 38.18052751,  0.14071692, 10.77645095]))
Max no. 18 | (2.9249767912353686e-15, array([1.11386920e+00, 1.09023559e+00, 0.00000000e+00, 7.90365719e-02,
       7.16958969e-01, 9.78850878e+00, 1.22500000e+01, 5.00000000e+01,
       1.00000000e-02, 2.25000000e+00]))
Max no. 19 | (1.4868587016655529e-15, array([ 1.13469485,  1.37868169,  0.18178052,  0.2080806 ,  0.08592817,
        6.33855157,  9.68420906, 43.54038514,  0.47487938,  2.52216098]))
Max no. 20 | (9.919182396077347e-16, array([ 1.47716797,  1.61587311,  0.09603516,  0.11349609,  0.32739258,
        8.20703125,  6.72265625, 28.99414062,  0.26639648,  4.57421875]))
Max no. 21 | (9.764838507460046e-16, array([1.18390236e+00, 1.78966481e+00, 3.59573842e-01, 1.98749156e-01,
       7.45000000e-01, 3.35955611e+00, 2.42764566e+00, 4.46005204e+01,
       1.00000000e-02, 5.90448884e+00]))
Max no. 22 | (8.476106776339717e-16, array([ 1.40875179,  0.33846803,  0.31544858,  0.29562303,  0.28541734,
       11.9043606 , 10.40113137, 20.42332489,  0.65178841,  4.79221499]))
Max no. 23 | (6.662488826308466e-16, array([ 1.47657152,  1.47680696,  0.09790217,  0.09877104,  0.32843388,
        8.20852901,  6.70380644, 29.00193615,  0.23520413,  4.55082138]))
Max no. 24 | (6.473008475281302e-16, array([1.22533686e+00, 1.96086701e+00, 1.88512868e-01, 3.55864847e-01,
       9.25725245e-02, 1.00382706e+01, 4.29458225e+00, 5.00000000e+01,
       1.00000000e-02, 2.25000000e+00]))
Max no. 25 | (3.6418244545215963e-16, array([ 1.40835979,  2.16121678,  0.26613392,  0.26911451,  0.05277104,
        3.71505128,  2.5687662 , 38.19657279,  0.15401601, 10.77802286]))
Max no. 26 | (2.0819648725103683e-16, array([1.12381985e+00, 9.83437500e-01, 5.96619859e-01, 5.96673156e-01,
       2.49294018e-01, 6.95499946e+00, 4.51737958e+00, 5.00000000e+01,
       1.00000000e-02, 2.25000000e+00]))
Max no. 27 | (9.9017758865906e-17, array([1.28191077e+00, 1.80338755e-01, 2.35333251e-01, 4.22135568e-02,
       7.45000000e-01, 5.36591811e+00, 6.12838082e+00, 5.00000000e+01,
       9.92811574e-01, 2.51481068e+00]))
Max no. 28 | (5.717948534951406e-18, array([1.05200000e+00, 1.67962346e+00, 3.43929090e-01, 2.14210812e-02,
       7.44940725e-01, 2.26844861e+00, 2.75188656e+00, 3.13392492e+01,
       2.01769671e-01, 2.88375122e+00]))
Max no. 29 | (1.953526468549635e-18, array([1.25352411e+00, 1.54089152e+00, 4.25979542e-01, 4.36564086e-02,
       7.00780297e-01, 5.53410162e+00, 2.28200735e+00, 5.00000000e+01,
       3.03384658e-01, 2.37132893e+00]))
Max no. 30 | (-0.23730240225533314, array([ 1.052     ,  0.0795325 ,  1.49      ,  0.69145313,  0.38763281,
        2.25125569,  2.25      , 50.        ,  0.2574459 ,  2.25052622]))
Max no. 31 | (-0.2527198640406233, array([1.05200000e+00, 2.32134192e-02, 1.49000000e+00, 2.69480469e-01,
       0.00000000e+00, 2.25062982e+00, 2.25000000e+00, 5.00000000e+01,
       3.18468055e-01, 2.25170830e+00]))
------------------------------------------------------------------------------------------------------------------------------------
